
blkNum	trlNum	randomStimulusOnsetTime	coherentDots	numberofDots	percentCoherence	winningDirection	response	correct	eventCount	averageFrameRate	RT
1	1	1235.8980112540196	4	40	10	left	right	0	37	15.302	2418
1	2	289.1902032133994	4	40	10	right	left	0	34	15.35	2215
1	3	445.51871891264335	4	40	10	left	left	1	19	15.472	1228
1	4	890.1509018519788	4	40	10	left	right	0	44	15.241	2887
1	5	1503.7902525700692	4	40	10	left	left	1	9	15.332	587
1	6	309.3038667977478	4	40	10	right	left	0	11	16.467	668
1	7	630.9451082597639	4	40	10	left	right	0	34	15.267	2227
1	8	521.8183826071395	4	40	10	right	right	1	28	15.209	1841
1	9	1151.075211138465	4	40	10	right	right	1	35	15.178	2306
1	10	1377.5508611469438	4	40	10	right	right	1	17	15.165	1121
1	11	268.39720333011763	4	40	10	right	right	1	35	15.371	2277
1	12	1345.0021436651027	4	40	10	right	right	1	19	15.638	1215
1	13	949.2499431660117	4	40	10	right	right	1	15	15.69	956
1	14	395.07136637412486	4	40	10	left	left	1	26	15.267	1703
1	15	1567.657969710191	4	40	10	right	right	1	14	15.59	898
1	16	426.36085600770923	4	40	10	left	left	1	17	15.755	1079
1	17	1502.9006894041972	4	40	10	right	right	1	12	15.894	755
1	18	661.2243291602217	4	40	10	left	left	1	17	15.903	1069
1	19	1318.5844124438347	4	40	10	right	right	1	11	15.759	698
1	20	218.6886026093302	4	40	10	right	right	1	11	15.449	712
1	21	1303.90924270751	4	40	10	right	right	1	12	16.461	729
1	22	595.2966509744967	4	40	10	right	right	1	11	15.67	702
1	23	381.24085090727357	4	40	10	left	right	0	12	16.216	740
1	24	337.0294920026263	4	40	10	right	right	1	10	15.823	632
1	25	2070.0952063688037	4	40	10	left	right	0	11	16.467	668
1	26	279.54165592034065	4	40	10	left	left	1	28	15.334	1826
1	27	527.9557500864814	4	40	10	left	left	1	16	16.08	995
1	28	203.65732484386328	4	40	10	left	left	1	20	15.936	1255
1	29	1303.1683697849173	4	40	10	right	right	1	16	15.474	1034
1	30	286.93987750825556	4	40	10	left	left	1	12	15.564	771
1	31	1028.0571263997927	4	40	10	left	left	1	15	15.94	941
1	32	3080.789173999783	4	40	10	left	left	1	39	15.276	2553
1	33	663.8126733255235	4	40	10	left	left	1	16	15.459	1035
1	34	252.36018891558177	4	40	10	left	left	1	14	15.819	885
1	35	247.19753242687668	4	40	10	right	right	1	13	15.152	858
1	36	1084.6916303850935	4	40	10	left	left	1	10	15.528	644
1	37	534.4959947252173	4	40	10	left	left	1	10	16.181	618
1	38	1006.5772557522924	4	40	10	right	right	1	12	15.564	771
1	39	329.4707104709572	4	40	10	right	right	1	12	16.129	744
1	40	1091.943672026449	4	40	10	right	right	1	24	15.326	1566
2	1	395.0080622154371	4	40	10	right	right	1	16	15.444	1036
2	2	451.42086621686224	4	40	10	left	left	1	13	15.366	846
2	3	3401.9576734022753	4	40	10	right	right	1	13	15.476	840
2	4	716.574233537511	4	40	10	left	left	1	11	15.85	694
2	5	848.3822851688899	4	40	10	right	right	1	11	16.32	674
2	6	258.0915671633312	4	40	10	right	right	1	14	16.222	863
2	7	700.4074672151493	4	40	10	left	left	1	16	15.549	1029
2	8	353.44243134087037	4	40	10	right	right	1	41	15.247	2689
2	9	274.3398955884902	4	40	10	left	left	1	14	15.642	895
2	10	1905.4243519298082	4	40	10	left	left	1	21	15.262	1376
2	11	950.8761516144835	4	40	10	right	right	1	15	15.723	954
2	12	296.3412042559599	4	40	10	left	left	1	12	15.444	777
2	13	1438.0884700360302	4	40	10	left	left	1	27	15.323	1762
2	14	461.13115628387266	4	40	10	right	right	1	12	16.194	741
2	15	228.74317060676452	4	40	10	left	left	1	15	15.432	972
2	16	1470.720590776375	4	40	10	right	right	1	14	15.873	882
2	17	4154.090867962519	4	40	10	left	left	1	21	15.742	1334
2	18	717.4162515920862	4	40	10	left	left	1	26	15.729	1653
2	19	749.0342620834682	4	40	10	right	right	1	12	15.894	755
2	20	699.9567548670695	4	40	10	right	right	1	19	15.742	1207
2	21	621.7019164416881	4	40	10	right	right	1	45	15.187	2963
2	22	1520.8513478770642	4	40	10	left	left	1	15	16.164	928
2	23	524.2656641174733	4	40	10	right	right	1	15	15.789	950
2	24	458.6688269761608	4	40	10	left	left	1	14	16.092	870
2	25	531.6725828369539	4	40	10	right	right	1	17	15.654	1086
2	26	288.5756763546784	4	40	10	left	left	1	13	15.912	817
2	27	307.6193641672769	4	40	10	left	left	1	13	15.644	831
2	28	585.9884745582983	4	40	10	right	right	1	17	15.741	1080
2	29	455.1894683272784	4	40	10	right	right	1	44	15.22	2891
2	30	260.8203699679351	4	40	10	right	right	1	18	15.901	1132
2	31	273.89264162047493	4	40	10	right	right	1	14	15.927	879
2	32	247.64544595435677	4	40	10	left	left	1	13	15.7	828
2	33	2198.422089303028	4	40	10	left	left	1	14	15.47	905
2	34	333.2030894714714	4	40	10	right	right	1	29	15.336	1891
2	35	2105.6832284320526	4	40	10	left	left	1	19	15.926	1193
2	36	637.4361017007403	4	40	10	left	left	1	11	16.272	676
2	37	771.2412635814621	4	40	10	left	left	1	14	15.66	894
2	38	2230.555612971294	4	40	10	right	right	1	12	16.064	747
2	39	370.10614390760014	4	40	10	left	left	1	10	15.674	638
2	40	266.7040798331073	4	40	10	right	right	1	23	15.222	1511
3	1	393.14859992402523	4	40	10	right	right	1	11	16.082	684
3	2	605.4934390641004	4	40	10	right	right	1	15	16.06	934
3	3	1484.2292095114574	4	40	10	left	left	1	19	15.561	1221
3	4	373.60269011327387	4	40	10	left	left	1	12	16.416	731
3	5	434.9586648987078	4	40	10	right	right	1	15	15.385	975
3	6	953.0516646451513	4	40	10	left	left	1	33	15.235	2166
3	7	735.0268996911766	4	40	10	right	right	1	10	15.552	643
3	8	353.64080285208956	4	40	10	left	left	1	9	16.071	560
3	9	258.44741526742894	4	40	10	left	left	1	17	15.426	1102
3	10	542.9589584559982	4	40	10	left	left	1	20	15.198	1316
3	11	518.1018402946911	4	40	10	left	left	1	9	15.332	587
3	12	1078.2975047729503	4	40	10	right	right	1	13	16.352	795
3	13	4418.702507042462	4	40	10	left	left	1	10	15.267	655
3	14	1324.935938655102	4	40	10	left	left	1	10	15.898	629
3	15	900.9597309104237	4	40	10	left	left	1	13	15.682	829
3	16	1377.303390056461	4	40	10	left	left	1	14	15.625	896
3	17	363.12759771547684	4	40	10	right	right	1	16	15.764	1015
3	18	323.55838578269595	4	40	10	right	right	1	11	15.299	719
3	19	859.2453345372373	4	40	10	right	right	1	12	16.151	743
3	20	520.4262697024037	4	40	10	left	left	1	10	16.155	619
3	21	876.6643087520835	4	40	10	left	left	1	11	16.248	677
3	22	213.23770086913194	4	40	10	right	right	1	15	15.182	988
3	23	799.3620551461678	4	40	10	right	right	1	19	15.807	1202
3	24	1062.86371918418	4	40	10	right	right	1	8	15.267	524
3	25	918.5243963458805	4	40	10	right	right	1	11	16.105	683
3	26	551.7487623457005	4	40	10	right	right	1	9	15.385	585
3	27	786.7008555706013	4	40	10	right	right	1	9	15.625	576
3	28	279.74907997061194	4	40	10	left	left	1	20	15.302	1307
3	29	1334.5862281043123	4	40	10	left	left	1	12	15.727	763
3	30	831.6167368091269	4	40	10	right	right	1	11	15.214	723
3	31	534.1002867468911	4	40	10	left	left	1	11	15.737	699
3	32	1850.7540963643617	4	40	10	right	right	1	10	15.432	648
3	33	1807.8021425479994	4	40	10	right	right	1	12	15.267	786
3	34	573.8437059144687	4	40	10	left	left	1	13	16.189	803
3	35	247.01468978121574	4	40	10	right	right	1	11	15.782	697
3	36	979.1929331379607	4	40	10	left	left	1	11	15.32	718
3	37	1996.9477956402395	4	40	10	right	right	1	15	15.806	949
3	38	440.2308148374493	4	40	10	left	left	1	14	16.037	873
3	39	234.9256493200632	4	40	10	left	left	1	12	16.129	744
3	40	389.0042122526259	4	40	10	right	right	1	13	15.366	846
4	1	916.336944037033	4	40	10	right	right	1	14	16.148	867
4	2	1017.86794112621	4	40	10	left	left	1	11	15.827	695
4	3	1372.5782521246922	4	40	10	left	left	1	20	15.76	1269
4	4	340.7963690015255	4	40	10	left	left	1	12	15.365	781
4	5	735.9929715257947	4	40	10	right	right	1	15	15.856	946
4	6	819.0128424999704	4	40	10	left	left	1	12	15.345	782
4	7	728.0029574743428	4	40	10	left	left	1	12	16.107	745
4	8	1228.2843905882069	4	40	10	left	left	1	14	15.234	919
4	9	529.254029180942	4	40	10	right	right	1	19	15.224	1248
4	10	271.6378665685851	4	40	10	right	right	1	31	15.241	2034
4	11	520.9514068600167	4	40	10	left	left	1	14	15.168	923
4	12	1139.0190332003185	4	40	10	right	right	1	15	15.152	990
4	13	1861.05210386717	4	40	10	right	right	1	23	15.172	1516
4	14	1909.685641426866	4	40	10	left	left	1	12	16.416	731
4	15	3111.841718800123	4	40	10	right	right	1	11	15.406	714
4	16	1592.6227157662167	4	40	10	right	right	1	42	15.385	2730
4	17	1080.3704010793545	4	40	10	right	right	1	14	15.184	922
4	18	408.40088239452865	4	40	10	left	left	1	16	15.733	1017
4	19	379.42674347095027	4	40	10	left	left	1	27	15.28	1767
4	20	612.5130284485595	4	40	10	left	left	1	14	15.66	894
4	21	223.88331338161768	4	40	10	left	left	1	9	15.544	579
4	22	531.8477270033077	4	40	10	right	right	1	99	15.172	6525
4	23	265.2411914807814	4	40	10	left	left	1	13	15.476	840
4	24	908.7868427138551	4	40	10	right	right	1	51	15.45	3301
4	25	381.5921599098819	4	40	10	left	left	1	47	15.359	3060
4	26	1199.5338523876221	4	40	10	right	right	1	17	15.611	1089
4	27	216.48254139465251	4	40	10	right	right	1	12	15.748	762
4	28	727.2535477341786	4	40	10	right	right	1	13	15.738	826
4	29	534.3432829773739	4	40	10	right	right	1	59	15.325	3850
4	30	334.2340090494244	4	40	10	right	right	1	15	16.094	932
4	31	620.7497180729304	4	40	10	right	right	1	16	16.048	997
4	32	1383.216302929884	4	40	10	right	right	1	13	16.03	811
4	33	905.8381812790864	4	40	10	left	left	1	24	15.697	1529
4	34	272.1291673420237	4	40	10	left	left	1	13	16.25	800
4	35	853.301351906805	4	40	10	left	left	1	20	15.873	1260
4	36	203.86685817734931	4	40	10	left	left	1	23	15.541	1480
4	37	1261.776809179982	4	40	10	right	right	1	39	15.501	2516
4	38	792.9970138608189	4	40	10	left	left	1	12	15.81	759
4	39	679.1757635412586	4	40	10	right	right	1	17	15.918	1068
4	40	1006.1730692925505	4	40	10	left	left	1	24	15.758	1523
