
blkNum	trlNum	randomStimulusOnsetTime	coherentDots	numberofDots	percentCoherence	winningDirection	response	correct	eventCount	averageFrameRate	RT
1	1	411.44581436353724	4	40	10	left	left	1	45	15.239	2953
1	2	437.95586153990735	4	40	10	left	right	0	51	15.348	3323
1	3	963.7732479266003	4	40	10	right	right	1	77	15.26	5046
1	4	1321.6398240655776	4	40	10	left	left	1	68	15.257	4457
1	5	2997.906484484302	4	40	10	left	left	1	84	15.162	5540
1	6	505.5722874166234	4	40	10	right	right	1	74	15.239	4856
1	7	208.8138558074724	4	40	10	right	left	0	78	15.258	5112
1	8	573.5761876316114	4	40	10	left	right	0	52	15.072	3450
1	9	4467.735217979656	4	40	10	left	right	0	76	15.227	4991
1	10	742.1248179860783	4	40	10	right	left	0	96	15.202	6315
1	11	1977.9271227766578	4	40	10	right	right	1	58	15.291	3793
1	12	1164.986271447718	4	40	10	right	left	0	126	15.186	8297
1	13	1426.5145508593823	4	40	10	left	right	0	54	15.337	3521
1	14	1663.3977367506782	4	40	10	right	left	0	38	15.243	2493
1	15	2521.58013753662	4	40	10	left	right	0	121	15.191	7965
1	16	1073.868520831665	4	40	10	right	right	1	73	15.272	4780
1	17	273.0734645642016	4	40	10	left	left	1	104	15.187	6848
1	18	1137.087835849008	4	40	10	left	left	1	103	15.259	6750
1	19	381.6229739137856	4	40	10	right	right	1	61	15.223	4007
1	20	954.2444932069287	4	40	10	left	right	0	40	15.391	2599
1	21	1133.4425222018194	4	40	10	right	left	0	73	15.333	4761
1	22	349.53564924002205	4	40	10	right	right	1	48	15.248	3148
1	23	608.0745035156536	4	40	10	left	left	1	74	15.33	4827
1	24	2983.41413318661	4	40	10	right	left	0	134	15.201	8815
1	25	685.3665071815435	4	40	10	right	right	1	47	15.359	3060
1	26	254.7212319386082	4	40	10	right	right	1	70	15.211	4602
1	27	2817.872067350152	4	40	10	left	left	1	98	15.175	6458
1	28	925.87597583099	4	40	10	left	left	1	115	15.192	7570
1	29	208.64039617675064	4	40	10	right	left	0	94	15.134	6211
1	30	1286.489371674862	4	40	10	right	left	0	84	15.141	5548
1	31	2751.8102529988464	4	40	10	left	right	0	70	15.274	4583
1	32	703.5725454068269	4	40	10	right	right	1	39	15.324	2545
1	33	292.48472582428036	4	40	10	right	left	0	80	15.152	5280
1	34	220.99564686366347	4	40	10	left	right	0	60	15.205	3946
1	35	1903.5931606518654	4	40	10	left	left	1	61	15.273	3994
1	36	217.4559302171472	4	40	10	right	left	0	81	15.135	5352
1	37	2814.888838452626	4	40	10	left	left	1	36	15.404	2337
1	38	792.2051193023567	4	40	10	left	right	0	51	15.325	3328
1	39	414.3197636847907	4	40	10	left	right	0	45	15.146	2971
1	40	721.999858568115	4	40	10	right	left	0	38	15.182	2503
2	1	326.3789696704803	4	40	10	left	left	1	69	15.255	4523
2	2	638.1942046933848	4	40	10	left	right	0	67	15.241	4396
2	3	323.52912556887924	4	40	10	right	left	0	36	15.378	2341
2	4	555.1551324960001	4	40	10	right	left	0	38	15.158	2507
2	5	236.2778348323792	4	40	10	right	right	1	53	15.23	3480
2	6	680.6569148657031	4	40	10	right	right	1	74	15.158	4882
2	7	2167.5481933865876	4	40	10	left	right	0	40	15.111	2647
2	8	312.6986369271552	4	40	10	left	left	1	51	15.389	3314
2	9	633.3554195379608	4	40	10	right	left	0	80	15.146	5282
2	10	324.83134607264606	4	40	10	left	left	1	83	15.255	5441
2	11	579.3762268412166	4	40	10	left	right	0	69	15.215	4535
2	12	209.32492707390372	4	40	10	right	left	0	33	15.335	2152
2	13	847.7536696851062	4	40	10	right	left	0	51	15.315	3330
2	14	1085.3492428250188	4	40	10	left	right	0	19	15.2	1250
2	15	3855.220039866562	4	40	10	left	left	1	42	15.356	2735
2	16	358.38175517582647	4	40	10	left	left	1	61	15.216	4009
2	17	2105.2984807083913	4	40	10	right	right	1	35	15.358	2279
2	18	1041.3325046733476	4	40	10	right	left	0	57	15.168	3758
2	19	1329.5743926219357	4	40	10	right	right	1	65	15.237	4266
2	20	234.70254429527287	4	40	10	right	right	1	25	15.17	1648
2	21	480.00949460458185	4	40	10	right	left	0	68	15.315	4440
2	22	224.9686548696254	4	40	10	right	right	1	66	15.342	4302
2	23	270.33321940059034	4	40	10	right	right	1	51	15.233	3348
2	24	1047.1314883157602	4	40	10	left	right	0	31	15.129	2049
2	25	249.13656535651634	4	40	10	left	right	0	64	15.234	4201
2	26	275.4695482959602	4	40	10	right	left	0	52	15.33	3392
2	27	1005.0431248552545	4	40	10	left	right	0	31	15.309	2025
2	28	656.0701754634979	4	40	10	left	right	0	48	15.35	3127
2	29	402.1551197639492	4	40	10	left	right	0	29	15.215	1906
2	30	1219.7891446247504	4	40	10	left	right	0	43	15.379	2796
2	31	363.9524069207238	4	40	10	right	right	1	32	15.61	2050
2	32	948.8619796230472	4	40	10	left	right	0	40	15.373	2602
2	33	601.3434179816691	4	40	10	left	right	0	51	15.165	3363
2	34	357.9153074912001	4	40	10	right	left	0	30	15.536	1931
2	35	1000.7664142818332	4	40	10	right	left	0	39	15.312	2547
2	36	874.7256854223574	4	40	10	left	right	0	51	15.334	3326
2	37	484.01544907989154	4	40	10	left	right	0	48	15.262	3145
2	38	556.3544869442939	4	40	10	right	left	0	78	15.128	5156
2	39	264.28686374846563	4	40	10	right	right	1	66	15.278	4320
2	40	1128.8265912592944	4	40	10	left	left	1	39	15.501	2516
3	1	374.8684459128498	4	40	10	left	right	0	56	15.193	3686
3	2	231.73305829237137	4	40	10	left	right	0	44	15.379	2861
3	3	2257.3258272842095	4	40	10	right	right	1	59	15.183	3886
3	4	1418.6610935338704	4	40	10	left	right	0	52	15.147	3433
3	5	1738.93760395846	4	40	10	right	right	1	41	15.501	2645
3	6	1991.0291401516326	4	40	10	left	left	1	23	15.53	1481
3	7	1553.0951124280966	4	40	10	left	left	1	29	15.525	1868
3	8	297.0531088945153	4	40	10	right	left	0	32	15.116	2117
3	9	689.6129021427605	4	40	10	right	left	0	134	15.217	8806
3	10	653.4748331221749	4	40	10	right	left	0	23	15.646	1470
3	11	855.6967822919455	4	40	10	right	left	0	32	15.052	2126
3	12	1855.4327278096262	4	40	10	left	right	0	134	15.146	8847
3	13	426.40213834565736	4	40	10	left	right	0	26	15.449	1683
3	14	681.4006472846111	4	40	10	left	right	0	25	15.538	1609
3	15	748.7481719269387	4	40	10	right	right	1	40	15.302	2614
3	16	2643.3839370846763	4	40	10	right	left	0	49	15.289	3205
3	17	459.36126469645257	4	40	10	left	left	1	64	15.22	4205
3	18	842.4473612122579	4	40	10	right	right	1	64	15.326	4176
3	19	851.5620469046822	4	40	10	left	left	1	29	15.442	1878
3	20	768.7918396370786	4	40	10	left	left	1	33	15.544	2123
3	21	675.3655435424853	4	40	10	right	left	0	29	15.352	1889
3	22	259.68258792917015	4	40	10	right	right	1	48	15.267	3144
3	23	738.1888925612606	4	40	10	left	left	1	54	15.169	3560
3	24	354.0201366124205	4	40	10	right	left	0	68	15.216	4469
3	25	977.0174610997772	4	40	10	left	right	0	52	15.143	3434
3	26	922.7719746757485	4	40	10	right	right	1	95	15.19	6254
3	27	328.62893560198626	4	40	10	right	left	0	65	15.176	4283
3	28	1186.7859135783638	4	40	10	left	left	1	45	15.395	2923
3	29	785.8219992036605	4	40	10	right	left	0	48	15.243	3149
3	30	607.2237553879893	4	40	10	left	left	1	68	15.175	4481
3	31	1522.7154869191195	4	40	10	left	left	1	76	15.329	4958
3	32	548.7550096112245	4	40	10	left	left	1	55	15.135	3634
3	33	327.138993561711	4	40	10	right	left	0	36	15.152	2376
3	34	1110.5250770242037	4	40	10	left	left	1	23	15.282	1505
3	35	438.77450079981026	4	40	10	left	left	1	35	15.337	2282
3	36	206.62136567169222	4	40	10	right	left	0	52	15.335	3391
3	37	779.9149653278574	4	40	10	right	right	1	97	15.213	6376
3	38	2296.1977048531603	4	40	10	right	right	1	35	15.535	2253
3	39	430.7842545527382	4	40	10	left	left	1	66	15.242	4330
3	40	910.0110737818082	4	40	10	right	left	0	39	15.372	2537
4	1	209.6714794114838	4	40	10	left	right	0	55	15.143	3632
4	2	698.9534278362307	4	40	10	right	left	0	30	15.393	1949
4	3	1487.2310530222821	4	40	10	left	left	1	38	15.292	2485
4	4	349.83353296584045	4	40	10	left	left	1	37	15.455	2394
4	5	209.4447149049823	4	40	10	right	left	0	31	15.617	1985
4	6	949.8913059003389	4	40	10	right	left	0	27	15.211	1775
4	7	451.9704556179894	4	40	10	right	right	1	31	15.57	1991
4	8	252.30392906193012	4	40	10	left	left	1	27	15.246	1771
4	9	2283.3534887563596	4	40	10	left	right	0	38	15.133	2511
4	10	321.46964569762633	4	40	10	right	left	0	34	15.392	2209
4	11	1064.8575673137739	4	40	10	right	right	1	26	15.644	1662
4	12	533.7129323365507	4	40	10	left	left	1	45	15.177	2965
4	13	692.3821857199375	4	40	10	left	right	0	34	15.131	2247
4	14	607.0051416944914	4	40	10	right	right	1	72	15.203	4736
4	15	314.4504094540541	4	40	10	right	right	1	35	15.473	2262
4	16	1989.4280654185766	4	40	10	left	left	1	26	15.653	1661
4	17	321.45401717198854	4	40	10	right	right	1	32	15.296	2092
4	18	417.3164076250093	4	40	10	right	right	1	27	15.508	1741
4	19	403.7359822379421	4	40	10	right	right	1	35	15.067	2323
4	20	1216.5513002227494	4	40	10	left	right	0	42	15.234	2757
4	21	1682.788997420179	4	40	10	right	right	1	19	15.715	1209
4	22	1929.8235496156456	4	40	10	left	right	0	23	15.646	1470
4	23	1697.2824267673384	4	40	10	right	right	1	23	15.374	1496
4	24	291.1783403550934	4	40	10	right	left	0	25	15.179	1647
4	25	218.76203275956402	4	40	10	right	right	1	27	15.526	1739
4	26	999.3098195614567	4	40	10	right	right	1	32	15.542	2059
4	27	337.33351829264416	4	40	10	left	left	1	50	15.142	3302
4	28	408.67867040344606	4	40	10	left	right	0	27	15.526	1739
4	29	2789.9928458734908	4	40	10	left	left	1	18	15.177	1186
4	30	261.34246231590515	4	40	10	right	right	1	47	15.181	3096
4	31	402.079203538455	4	40	10	right	right	1	35	15.099	2318
4	32	1436.2311016092287	4	40	10	left	left	1	22	15.278	1440
4	33	1141.7366880243294	4	40	10	right	right	1	27	15.169	1780
4	34	297.17994329256385	4	40	10	left	left	1	47	15.354	3061
4	35	201.45960040707197	4	40	10	right	right	1	32	15.519	2062
4	36	1172.0991133225502	4	40	10	left	left	1	36	15.132	2379
4	37	476.42515372649456	4	40	10	left	left	1	22	15.385	1430
4	38	1969.3705207511684	4	40	10	left	left	1	23	15.625	1472
4	39	437.8697230135562	4	40	10	left	left	1	27	15.455	1747
4	40	369.02965951699025	4	40	10	left	left	1	25	15.124	1653
