
blkNum	trlNum	randomStimulusOnsetTime	coherentDots	numberofDots	percentCoherence	winningDirection	response	correct	eventCount	averageFrameRate	RT
1	1	309.2585391318029	4	40	10	left	left	1	188	15.141	12417
1	2	1138.7015544413334	4	40	10	right	left	0	15	15.228	985
1	3	490.5392453263723	4	40	10	left	right	0	31	15.446	2007
1	4	1205.660955007248	4	40	10	right	left	0	23	15.593	1475
1	5	609.394976681722	4	40	10	left	right	0	36	15.203	2368
1	6	791.6401843265553	4	40	10	right	right	1	12	15.504	774
1	7	790.0675149547532	4	40	10	right	left	0	35	15.317	2285
1	8	518.2609607619167	4	40	10	right	left	0	15	15.353	977
1	9	855.4875403889582	4	40	10	left	right	0	28	15.634	1791
1	10	237.7691394410747	4	40	10	left	left	1	43	15.205	2828
1	11	208.61486102838353	4	40	10	right	left	0	24	15.306	1568
1	12	400.2028037966745	4	40	10	right	right	1	120	15.182	7904
1	13	1181.3556638106465	4	40	10	left	right	0	43	15.44	2785
1	14	641.3671567526642	4	40	10	right	left	0	25	15.674	1595
1	15	1349.155907556225	4	40	10	right	right	1	6	18.018	333
1	16	958.7084406115514	4	40	10	right	right	1	5	17.361	288
1	17	416.0980304612259	4	40	10	left	left	1	8	16.393	488
1	18	4138.007517498931	4	40	10	right	left	0	15	15.674	957
1	19	1674.0925123022007	4	40	10	right	right	1	8	17.021	470
1	20	1929.690071592729	4	40	10	left	right	0	15	15.496	968
1	21	514.9436096091381	4	40	10	left	right	0	7	16.471	425
1	22	602.9362612327538	4	40	10	right	right	1	8	15.238	525
1	23	1440.471706973015	4	40	10	left	right	0	10	16.26	615
1	24	348.9677827715622	4	40	10	right	left	0	17	15.712	1082
1	25	1490.272640613789	4	40	10	left	left	1	8	15.936	502
1	26	430.5954968324819	4	40	10	right	left	0	35	15.284	2290
1	27	442.7991627287271	4	40	10	left	right	0	16	15.779	1014
1	28	232.5752026359308	4	40	10	left	right	0	13	15.625	832
1	29	1256.5416055245719	4	40	10	right	left	0	6	17.143	350
1	30	263.7957969366257	4	40	10	right	left	0	7	17.37	403
1	31	655.1362297316389	4	40	10	left	right	0	8	15.968	501
1	32	481.8810575737004	4	40	10	left	right	0	10	15.649	639
1	33	1934.4419656835812	4	40	10	right	right	1	10	15.337	652
1	34	2439.448065316395	4	40	10	right	left	0	108	15.218	7097
1	35	749.9667516761532	4	40	10	left	right	0	124	15.177	8170
1	36	692.5424640846895	4	40	10	left	left	1	23	15.732	1462
1	37	671.1073419832276	4	40	10	left	left	1	107	15.152	7062
1	38	1233.4011730238415	4	40	10	left	right	0	29	15.642	1854
1	39	1193.2301157771176	4	40	10	right	left	0	6	16.854	356
1	40	991.9385479085306	4	40	10	left	right	0	20	15.911	1257
2	1	2182.4884811330426	4	40	10	left	right	0	20	15.625	1280
2	2	396.94442557632044	4	40	10	right	left	0	8	17.167	466
2	3	3223.273572543992	4	40	10	right	left	0	6	15.267	393
2	4	243.0504665042053	4	40	10	left	right	0	4	18.265	219
2	5	1506.2726847824235	4	40	10	right	right	1	6	17.045	352
2	6	288.80630493686454	4	40	10	left	right	0	10	16.207	617
2	7	945.2392688254927	4	40	10	right	right	1	4	17.937	223
2	8	814.4479309677796	4	40	10	right	right	1	8	17.204	465
2	9	304.95924442455305	4	40	10	left	right	0	8	15.355	521
2	10	973.0965527716604	4	40	10	right	right	1	7	16.241	431
2	11	2034.0653959269016	4	40	10	left	right	0	7	16.471	425
2	12	1614.1134537488308	4	40	10	right	left	0	179	15.217	11763
2	13	954.3287260272566	4	40	10	left	right	0	93	15.209	6115
2	14	738.8766108481262	4	40	10	right	left	0	92	15.293	6016
2	15	217.86378357872536	4	40	10	left	right	0	6	16.854	356
2	16	452.12660914614764	4	40	10	left	right	0	5	16.892	296
2	17	519.4413031214275	4	40	10	right	right	1	3	18.868	159
2	18	1031.326818709092	4	40	10	left	right	0	3	17.143	175
2	19	779.7644768393056	4	40	10	right	right	1	3	16.129	186
2	20	2691.3698329383437	4	40	10	right	right	1	2	21.053	95
2	21	412.2806842529515	4	40	10	right	right	1	4	18.957	211
2	22	253.4129735771112	4	40	10	right	left	0	1	47.619	21
2	23	247.2114833045066	4	40	10	right	left	0	4	17.467	229
2	24	422.2778170864458	4	40	10	right	left	0	2	20.408	98
2	25	868.1538229902412	4	40	10	left	right	0	1	22.727	44
2	26	210.37208718573262	4	40	10	left	right	0	1	71.429	14
2	27	921.6784056746419	4	40	10	right	left	0	2	23.529	85
2	28	364.78584193458084	4	40	10	left	left	1	2	18.349	109
2	29	2299.2664285151645	4	40	10	left	right	0	1	90.909	11
2	30	1248.3133618880306	4	40	10	left	left	1	1	31.25	32
2	31	936.8901217722771	4	40	10	left	left	1	5	15.432	324
2	32	2294.6603747205304	4	40	10	left	right	0	6	15.228	394
2	33	887.902991053527	4	40	10	right	right	1	6	16	375
2	34	954.6090141652402	4	40	10	right	right	1	7	15.66	447
2	35	506.4040535350727	4	40	10	left	left	1	9	15.101	596
2	36	2087.820084981594	4	40	10	left	left	1	10	15.974	626
2	37	1545.386026934195	4	40	10	right	right	1	16	15.889	1007
2	38	664.6809335224145	4	40	10	left	left	1	13	15.682	829
2	39	1670.7748312296476	4	40	10	left	left	1	31	15.189	2041
2	40	1335.936307636453	4	40	10	right	right	1	14	15.487	904
3	1	915.4706623035014	4	40	10	left	left	1	29	15.287	1897
3	2	1923.7025144450868	4	40	10	left	right	0	24	15.514	1547
3	3	641.4954214618965	4	40	10	right	left	0	38	15.335	2478
3	4	1259.4980641177922	4	40	10	left	left	1	11	15.363	716
3	5	304.948979518246	4	40	10	right	left	0	39	15.354	2540
3	6	296.0319549198091	4	40	10	right	right	1	13	15.187	856
3	7	248.64358088045384	4	40	10	right	right	1	8	15.905	503
3	8	494.49869677594745	4	40	10	right	left	0	6	17.493	343
3	9	614.1452689876644	4	40	10	right	right	1	7	16.787	417
3	10	286.07129238467905	4	40	10	left	right	0	6	16.173	371
3	11	1619.8045374303003	4	40	10	left	left	1	6	15.789	380
3	12	229.31871619616916	4	40	10	right	left	0	8	15.779	507
3	13	400.3420298280232	4	40	10	left	left	1	4	15.444	259
3	14	1429.364944930127	4	40	10	right	left	0	5	15.48	323
3	15	634.9040089070477	4	40	10	right	left	0	5	18.182	275
3	16	357.6904047862289	4	40	10	left	left	1	6	17.751	338
3	17	229.75847620096783	4	40	10	left	right	0	8	16.194	494
3	18	591.3983097582562	4	40	10	left	left	1	3	17.045	176
3	19	349.675485752026	4	40	10	left	right	0	6	15.424	389
3	20	687.3346279795846	4	40	10	right	left	0	1	43.478	23
3	21	445.6627871133336	4	40	10	left	right	0	6	15.873	378
3	22	257.7116848715181	4	40	10	right	left	0	3	16.393	183
3	23	398.35931184080175	4	40	10	right	left	0	1	250	4
3	24	573.5060208007105	4	40	10	right	left	0	1	15.385	65
3	25	338.82983487461854	4	40	10	left	left	1	1	47.619	21
3	26	1860.061982356558	4	40	10	right	right	1	6	17.241	348
3	27	501.43627338859244	4	40	10	right	left	0	11	16.176	680
3	28	390.09417154645274	4	40	10	right	right	1	5	17.986	278
3	29	708.2816906100475	4	40	10	left	right	0	5	16.129	310
3	30	359.6212472899072	4	40	10	left	right	0	6	16.949	354
3	31	1776.1010923688614	4	40	10	left	left	1	23	15.71	1464
3	32	313.5488537987925	4	40	10	right	left	0	28	15.309	1829
3	33	2077.538597399095	4	40	10	left	left	1	28	15.47	1810
3	34	1035.2818843159812	4	40	10	left	right	0	18	15.358	1172
3	35	418.9181868409855	4	40	10	right	left	0	28	15.301	1830
3	36	550.0592753160385	4	40	10	right	left	0	17	15.639	1087
3	37	203.0195016056833	4	40	10	left	right	0	2	18.692	107
3	38	258.3490546510679	4	40	10	left	right	0	4	16.878	237
3	39	537.8943272108609	4	40	10	right	left	0	4	17.241	232
3	40	389.4224612203415	4	40	10	left	left	1	3	15.464	194
4	1	564.529994539372	4	40	10	left	left	1	6	16.62	361
4	2	572.9314807923391	4	40	10	right	left	0	5	15.974	313
4	3	311.5660512060354	4	40	10	right	left	0	5	16.026	312
4	4	578.257800900378	4	40	10	right	left	0	7	17.032	411
4	5	497.11663422835136	4	40	10	left	left	1	1	90.909	11
4	6	1691.7643468131032	4	40	10	right	left	0	10	15.748	635
4	7	1307.711419875741	4	40	10	left	right	0	2	26.667	75
4	8	305.93590163091955	4	40	10	right	right	1	3	17.143	175
4	9	379.15936635002856	4	40	10	right	right	1	7	16.055	436
4	10	1203.7564950367932	4	40	10	right	left	0	6	16.854	356
4	11	268.18092617167093	4	40	10	right	right	1	2	17.241	116
4	12	2406.0373618759754	4	40	10	left	left	1	8	16.26	492
4	13	1479.3106296972064	4	40	10	right	right	1	8	17.058	469
4	14	669.8415387954949	4	40	10	left	left	1	11	15.827	695
4	15	2331.8058259081604	4	40	10	left	right	0	9	16.605	542
4	16	888.4093002616015	4	40	10	left	left	1	7	17.199	407
4	17	216.8545176892124	4	40	10	right	left	0	10	15.504	645
4	18	308.1971391542719	4	40	10	left	right	0	7	16.867	415
4	19	1528.1975204190956	4	40	10	right	right	1	6	16.76	358
4	20	296.03532461834783	4	40	10	right	right	1	8	16.032	499
4	21	4551.7207528520685	4	40	10	right	right	1	3	18.634	161
4	22	1433.6039616541507	4	40	10	left	left	1	15	15.773	951
4	23	1124.2450097202964	4	40	10	left	left	1	22	15.428	1426
4	24	263.18669242292464	4	40	10	right	right	1	23	15.212	1512
4	25	356.72852469492864	4	40	10	left	left	1	18	15.531	1159
4	26	552.896352967281	4	40	10	left	left	1	32	15.534	2060
4	27	420.46196247617013	4	40	10	left	right	0	20	15.373	1301
4	28	809.7265510180704	4	40	10	right	left	0	18	15.28	1178
4	29	228.2356201778897	4	40	10	left	left	1	18	15.803	1139
4	30	754.4242613339959	4	40	10	right	left	0	128	15.169	8438
4	31	1108.4224739527485	4	40	10	right	right	1	54	15.271	3536
4	32	2903.0642920735086	4	40	10	left	right	0	6	17.647	340
4	33	924.7437452733235	4	40	10	right	left	0	4	18.1	221
4	34	797.7957494594586	4	40	10	left	right	0	6	16.62	361
4	35	554.4178989205396	4	40	10	left	right	0	6	16.129	372
4	36	246.95936740883675	4	40	10	right	left	0	8	15.414	519
4	37	1760.8892023655105	4	40	10	left	left	1	5	15.106	331
4	38	484.39867540588097	4	40	10	left	left	1	7	16.018	437
4	39	1271.3913017556692	4	40	10	right	left	0	6	15.915	377
4	40	445.44745153796873	4	40	10	left	right	0	6	17.341	346
