
blkNum	trlNum	randomStimulusOnsetTime	coherentDots	numberofDots	percentCoherence	winningDirection	response	correct	eventCount	averageFrameRate	RT
1	1	824.4004082461034	4	40	10	right	right	1	67	15.002	4466
1	2	1176.8472575028	4	40	10	right	left	0	35	15.125	2314
1	3	2702.796553068249	4	40	10	left	left	1	39	15.046	2592
1	4	462.1791809467179	4	40	10	right	right	1	48	15.219	3154
1	5	592.2378806856304	4	40	10	left	left	1	25	15.244	1640
1	6	628.0189014593789	4	40	10	right	right	1	40	15.163	2638
1	7	342.56411176189806	4	40	10	right	right	1	45	15.192	2962
1	8	560.0497889360454	4	40	10	right	right	1	58	15.073	3848
1	9	412.54851571176823	4	40	10	right	right	1	41	14.909	2750
1	10	645.4287199449328	4	40	10	right	left	0	73	14.971	4876
1	11	810.1581548648292	4	40	10	left	left	1	21	15.021	1398
1	12	1084.7739438667936	4	40	10	right	right	1	38	14.961	2540
1	13	1625.2839495423425	4	40	10	left	left	1	22	15.068	1460
1	14	1805.515434861995	4	40	10	right	right	1	19	15.249	1246
1	15	419.1896145434987	4	40	10	left	left	1	16	15.549	1029
1	16	381.77914557095926	4	40	10	left	left	1	16	15.224	1051
1	17	458.6390549314382	4	40	10	right	right	1	17	15.741	1080
1	18	332.8742934833051	4	40	10	left	left	1	12	15.424	778
1	19	238.33650162808493	4	40	10	right	right	1	32	15.066	2124
1	20	316.20618763383754	4	40	10	left	left	1	12	15.228	788
1	21	598.9648007935243	4	40	10	left	left	1	29	15.096	1921
1	22	1696.181031787283	4	40	10	left	left	1	11	15.805	696
1	23	942.3026287369177	4	40	10	left	left	1	14	15.251	918
1	24	488.44299318815706	4	40	10	left	left	1	9	15	600
1	25	952.5545751571219	4	40	10	left	left	1	14	15.556	900
1	26	208.29557451722306	4	40	10	right	right	1	14	15.873	882
1	27	1765.2068700707875	4	40	10	left	left	1	11	14.946	736
1	28	243.3503295244521	4	40	10	right	right	1	12	15.707	764
1	29	3054.52765307979	4	40	10	left	left	1	13	14.977	868
1	30	516.7744110797398	4	40	10	right	right	1	11	15.214	723
1	31	258.3099635538138	4	40	10	left	left	1	12	16.129	744
1	32	1029.3181513623015	4	40	10	left	left	1	11	15.988	688
1	33	1275.1924389966775	4	40	10	right	right	1	11	15.603	705
1	34	958.6350125153086	4	40	10	right	right	1	11	15.406	714
1	35	964.2109864897934	4	40	10	left	left	1	9	15.957	564
1	36	571.8867959598193	4	40	10	left	right	0	7	16.018	437
1	37	1907.328011709015	4	40	10	right	right	1	14	14.989	934
1	38	630.3380719900372	4	40	10	left	left	1	10	15.974	626
1	39	413.66622264786145	4	40	10	right	right	1	11	15.737	699
1	40	1338.2183817967966	4	40	10	right	right	1	10	16.287	614
2	1	454.4228938531021	4	40	10	left	left	1	11	16.345	673
2	2	635.2676425554505	4	40	10	right	right	1	20	15.291	1308
2	3	351.4547784229153	4	40	10	left	left	1	13	15.458	841
2	4	429.9148360016594	4	40	10	left	left	1	19	14.937	1272
2	5	793.3881808551916	4	40	10	right	right	1	10	15.649	639
2	6	299.44595073348125	4	40	10	right	right	1	12	15.228	788
2	7	281.73442582996836	4	40	10	left	left	1	10	15.291	654
2	8	945.6698549994318	4	40	10	left	left	1	10	15.848	631
2	9	243.55598513651194	4	40	10	right	right	1	10	15.129	661
2	10	411.5413565113133	4	40	10	left	left	1	15	15.924	942
2	11	1805.536456571942	4	40	10	right	right	1	10	16.207	617
2	12	344.67781467147995	4	40	10	right	right	1	9	16.071	560
2	13	206.43259482966815	4	40	10	right	right	1	11	14.885	739
2	14	654.3219668305744	4	40	10	left	left	1	10	15.773	634
2	15	1109.7362264622136	4	40	10	right	right	1	15	15.641	959
2	16	1143.2692466639717	4	40	10	right	right	1	10	15.221	657
2	17	1262.4410037018204	4	40	10	left	left	1	9	16.158	557
2	18	226.0997394815386	4	40	10	left	right	0	10	16.287	614
2	19	262.0921902089909	4	40	10	right	right	1	10	16.207	617
2	20	1193.0362318185184	4	40	10	left	left	1	12	15.424	778
2	21	1396.992829290888	4	40	10	left	left	1	10	15.974	626
2	22	536.6802721262022	4	40	10	right	right	1	12	15.625	768
2	23	569.7638971390061	4	40	10	left	left	1	12	15.81	759
2	24	332.7076469628344	4	40	10	right	right	1	76	15.005	5065
2	25	226.44599467781572	4	40	10	left	left	1	13	15.663	830
2	26	1423.0706269219552	4	40	10	left	left	1	13	15.951	815
2	27	628.5114001032434	4	40	10	left	right	0	12	15.075	796
2	28	2355.740879158894	4	40	10	right	right	1	20	15.106	1324
2	29	612.8088197678549	4	40	10	right	right	1	21	15.487	1356
2	30	316.71085384297066	4	40	10	left	left	1	14	15.855	883
2	31	419.7016592161918	4	40	10	right	right	1	12	16.173	742
2	32	248.5207576338939	4	40	10	left	left	1	18	15.748	1143
2	33	224.62463122724634	4	40	10	right	right	1	13	15.644	831
2	34	379.1262198553077	4	40	10	left	left	1	11	15.007	733
2	35	432.34330411299607	4	40	10	left	left	1	10	15.06	664
2	36	352.6920159691746	4	40	10	right	right	1	15	15.136	991
2	37	213.9976104701806	4	40	10	left	left	1	11	16.272	676
2	38	763.2488791952416	4	40	10	right	right	1	15	15.625	960
2	39	389.3728601724821	4	40	10	right	right	1	13	16.01	812
2	40	375.57877003592205	4	40	10	right	right	1	13	15.476	840
3	1	1186.0046812886724	4	40	10	right	right	1	19	15.067	1261
3	2	250.2123622407376	4	40	10	left	left	1	12	15.645	767
3	3	594.150394464338	4	40	10	left	left	1	11	16.012	687
3	4	270.8726196877628	4	40	10	right	right	1	15	15.823	948
3	5	475.28556353359505	4	40	10	right	right	1	17	15.539	1094
3	6	1066.0362787152653	4	40	10	left	left	1	12	15.19	790
3	7	498.94038908538704	4	40	10	left	left	1	12	15.171	791
3	8	1372.7527703857352	4	40	10	right	right	1	12	15.228	788
3	9	850.6120914531425	4	40	10	right	right	1	12	15.852	757
3	10	780.589456563324	4	40	10	left	left	1	9	15.101	596
3	11	1697.5343421937669	4	40	10	left	left	1	11	16.058	685
3	12	526.159684736946	4	40	10	left	left	1	23	15.52	1482
3	13	929.058933935387	4	40	10	right	right	1	20	15.48	1292
3	14	1425.7843799344064	4	40	10	right	right	1	12	15.424	778
3	15	940.4057289732696	4	40	10	right	right	1	15	15.89	944
3	16	337.6393809009265	4	40	10	left	left	1	13	15.532	837
3	17	333.09423403093876	4	40	10	left	left	1	11	16.272	676
3	18	1106.0739990041639	4	40	10	right	right	1	11	14.925	737
3	19	216.5463133916977	4	40	10	right	right	1	22	15.57	1413
3	20	474.4770910741031	4	40	10	left	left	1	17	15.568	1092
3	21	1624.4061324689844	4	40	10	left	left	1	12	15.81	759
3	22	208.4825872695126	4	40	10	left	left	1	50	15.033	3326
3	23	878.2899615841129	4	40	10	right	right	1	10	15.974	626
3	24	713.1535643212105	4	40	10	left	left	1	12	16.151	743
3	25	1068.5020366820183	4	40	10	left	left	1	12	16.107	745
3	26	527.1178362604182	4	40	10	left	left	1	30	14.978	2003
3	27	1004.4857720223434	4	40	10	right	right	1	16	14.925	1072
3	28	1008.8404203687277	4	40	10	right	right	1	21	15.475	1357
3	29	672.5421767224504	4	40	10	left	left	1	22	15.131	1454
3	30	1464.6407014705858	4	40	10	right	right	1	11	15.759	698
3	31	357.56954799350984	4	40	10	right	left	0	75	15.136	4955
3	32	1626.153186208255	4	40	10	right	right	1	11	15.214	723
3	33	385.4461676306628	4	40	10	left	left	1	11	16.153	681
3	34	339.8321696687387	4	40	10	right	right	1	26	15.421	1686
3	35	858.0024607551538	4	40	10	left	left	1	18	15.293	1177
3	36	496.3931804557366	4	40	10	right	right	1	13	16.23	801
3	37	1356.973195963559	4	40	10	right	right	1	21	15.464	1358
3	38	1269.3707179396554	4	40	10	right	right	1	12	15.228	788
3	39	936.730049179227	4	40	10	left	left	1	14	15.168	923
3	40	2032.0958393324372	4	40	10	left	left	1	10	16.26	615
4	1	345.44765741476516	4	40	10	right	right	1	22	15.625	1408
4	2	361.205344814064	4	40	10	right	right	1	12	15.831	758
4	3	343.5714145646865	4	40	10	left	left	1	23	15.457	1488
4	4	329.0488029974763	4	40	10	right	right	1	12	15.789	760
4	5	590.7967872472882	4	40	10	right	right	1	13	15.258	852
4	6	658.0818392240072	4	40	10	right	right	1	10	15.06	664
4	7	474.9398983224916	4	40	10	right	right	1	9	16.1	559
4	8	350.99811671637826	4	40	10	right	left	0	42	15.356	2735
4	9	931.6158620212067	4	40	10	right	right	1	14	15.837	884
4	10	558.3399400712685	4	40	10	left	left	1	54	15.19	3555
4	11	1081.2143823848685	4	40	10	right	right	1	49	15.251	3213
4	12	507.4197698642756	4	40	10	left	left	1	14	16.073	871
4	13	1058.8241703323613	4	40	10	right	right	1	19	15.044	1263
4	14	454.65494399634076	4	40	10	left	left	1	22	15.482	1421
4	15	1345.552353115109	4	40	10	right	right	1	17	15.441	1101
4	16	2053.32276284776	4	40	10	left	left	1	19	15.768	1205
4	17	994.5880458071932	4	40	10	left	left	1	65	15.071	4313
4	18	939.179427333917	4	40	10	left	left	1	14	15.748	889
4	19	425.3610949685834	4	40	10	right	right	1	13	14.925	871
4	20	2177.2871065191966	4	40	10	right	left	0	25	15.347	1629
4	21	3358.015380045285	4	40	10	left	left	1	23	15.122	1521
4	22	453.86421521870545	4	40	10	right	right	1	15	15.839	947
4	23	905.329412147352	4	40	10	right	right	1	70	15.015	4662
4	24	448.155652331425	4	40	10	left	left	1	34	15.078	2255
4	25	1199.8258019265459	4	40	10	left	left	1	12	16.216	740
4	26	603.3259511385652	4	40	10	right	right	1	19	15.548	1222
4	27	690.5430240359225	4	40	10	left	left	1	17	15.814	1075
4	28	759.0606679122963	4	40	10	right	right	1	33	15.172	2175
4	29	2103.7142118923157	4	40	10	left	left	1	15	15.773	951
4	30	1178.374503278937	4	40	10	right	left	0	13	15.682	829
4	31	220.2177261082994	4	40	10	left	left	1	12	15.769	761
4	32	1537.420567468177	4	40	10	left	left	1	12	16.151	743
4	33	287.3507273029081	4	40	10	left	left	1	28	15.135	1850
4	34	1058.0782931460426	4	40	10	left	left	1	22	15.089	1458
4	35	575.6516797487642	4	40	10	right	right	1	12	15.287	785
4	36	1077.059148475258	4	40	10	left	left	1	12	15.171	791
4	37	960.6487818152818	4	40	10	left	left	1	13	15.569	835
4	38	539.3881640479024	4	40	10	left	left	1	37	15.071	2455
4	39	1014.4143885379058	4	40	10	right	right	1	28	15.301	1830
4	40	936.6377455921894	4	40	10	left	left	1	34	14.958	2273
