
blkNum	trlNum	randomStimulusOnsetTime	coherentDots	numberofDots	percentCoherence	winningDirection	response	correct	eventCount	averageFrameRate	RT
1	1	1634.7822089160322	4	40	10	right	left	0	110	15.271	7203
1	2	579.4158330386434	4	40	10	left	right	0	41	15.253	2688
1	3	1227.0406521787825	4	40	10	right	left	0	46	15.405	2986
1	4	771.237175500192	4	40	10	left	left	1	64	15.213	4207
1	5	689.5144949214248	4	40	10	right	right	1	60	15.377	3902
1	6	746.6338079624173	4	40	10	right	left	0	75	15.207	4932
1	7	420.2803795300755	4	40	10	left	left	1	88	15.262	5766
1	8	419.0426918567421	4	40	10	left	left	1	99	15.226	6502
1	9	934.1989257269125	4	40	10	right	right	1	60	15.171	3955
1	10	1002.2466296271976	4	40	10	left	left	1	54	15.28	3534
1	11	299.67816171700633	4	40	10	left	left	1	62	15.196	4080
1	12	870.7953278995021	4	40	10	right	left	0	70	15.207	4603
1	13	365.0236787055012	4	40	10	left	left	1	71	15.302	4640
1	14	739.3846954487093	4	40	10	right	right	1	27	15.306	1764
1	15	930.6783413070705	4	40	10	right	left	0	35	15.453	2265
1	16	2956.633603749808	4	40	10	left	right	0	47	15.26	3080
1	17	200.6820008354373	4	40	10	left	left	1	59	15.155	3893
1	18	206.32631279738862	4	40	10	right	right	1	76	15.335	4956
1	19	409.3320246658499	4	40	10	right	right	1	29	15.328	1892
1	20	479.05268523763	4	40	10	right	left	0	15	15.723	954
1	21	299.7485626951857	4	40	10	right	left	0	42	15.234	2757
1	22	336.6716775082147	4	40	10	left	left	1	27	15.411	1752
1	23	1769.8981662989747	4	40	10	right	right	1	102	15.281	6675
1	24	208.79382734656002	4	40	10	right	right	1	40	15.373	2602
1	25	1492.523237771197	4	40	10	right	right	1	70	15.287	4579
1	26	374.7222451101827	4	40	10	left	left	1	76	15.304	4966
1	27	1189.764193957659	4	40	10	right	right	1	49	15.428	3176
1	28	748.4582155025807	4	40	10	right	left	0	46	15.333	3000
1	29	356.8135443598894	4	40	10	left	left	1	40	15.492	2582
1	30	2094.683155758445	4	40	10	right	right	1	114	15.21	7495
1	31	209.13976137278817	4	40	10	left	right	0	75	15.219	4928
1	32	347.9337048363217	4	40	10	right	right	1	45	15.395	2923
1	33	1044.9566612574472	4	40	10	left	left	1	30	15.593	1924
1	34	543.8077885557886	4	40	10	left	left	1	82	15.296	5361
1	35	838.6881101637828	4	40	10	left	left	1	20	15.86	1261
1	36	416.98427435649353	4	40	10	left	left	1	60	15.267	3930
1	37	356.4851165247007	4	40	10	left	left	1	32	15.274	2095
1	38	231.35771831240152	4	40	10	left	left	1	38	15.17	2505
1	39	337.51389459201846	4	40	10	left	left	1	42	15.19	2765
1	40	878.3477170178938	4	40	10	right	right	1	141	15.176	9291
2	1	389.48348855372507	4	40	10	left	right	0	65	15.359	4232
2	2	1064.5698037655793	4	40	10	right	left	0	50	15.418	3243
2	3	449.5409232605688	4	40	10	right	right	1	32	15.496	2065
2	4	232.32224326567567	4	40	10	left	left	1	38	15.164	2506
2	5	1999.6951529834155	4	40	10	left	left	1	29	15.223	1905
2	6	206.3080829162758	4	40	10	right	right	1	46	15.441	2979
2	7	237.2140867339049	4	40	10	left	left	1	53	15.247	3476
2	8	1586.5536887061726	4	40	10	right	left	0	29	15.255	1901
2	9	406.98755194356704	4	40	10	left	left	1	236	15.192	15535
2	10	2678.428358510638	4	40	10	left	left	1	28	15.478	1809
2	11	204.3932728173932	4	40	10	right	right	1	17	15.611	1089
2	12	340.29553900121255	4	40	10	left	left	1	16	15.733	1017
2	13	672.5447603346688	4	40	10	right	right	1	31	15.316	2024
2	14	1286.0462313239461	4	40	10	left	left	1	17	15.888	1070
2	15	745.6909397784077	4	40	10	right	right	1	31	15.431	2009
2	16	1676.5253334130539	4	40	10	left	left	1	15	15.385	975
2	17	2549.8881593290703	4	40	10	right	right	1	24	15.645	1534
2	18	418.8925489910551	4	40	10	left	left	1	15	15.873	945
2	19	378.2640971985792	4	40	10	left	left	1	13	15.682	829
2	20	1117.2327925286	4	40	10	left	left	1	11	15.257	721
2	21	679.5329952442946	4	40	10	right	right	1	20	15.686	1275
2	22	211.17834554762024	4	40	10	right	left	0	12	16.238	739
2	23	449.87181043466285	4	40	10	left	left	1	52	15.285	3402
2	24	1024.251931963423	4	40	10	left	left	1	21	15.385	1365
2	25	613.5968928026417	4	40	10	left	left	1	14	15.748	889
2	26	370.9678278938154	4	40	10	left	left	1	8	15.842	505
2	27	1332.5796185064837	4	40	10	left	left	1	15	15.789	950
2	28	509.8648287989455	4	40	10	right	right	1	22	15.816	1391
2	29	821.9021052524345	4	40	10	right	right	1	16	15.489	1033
2	30	583.7910139264851	4	40	10	left	left	1	29	15.239	1903
2	31	1667.4377534784455	4	40	10	right	right	1	17	16.023	1061
2	32	506.7382127664505	4	40	10	left	left	1	16	15.702	1019
2	33	223.2267845242716	4	40	10	left	right	0	16	15.625	1024
2	34	1851.6300786915958	4	40	10	right	right	1	39	15.324	2545
2	35	740.3573992574195	4	40	10	right	right	1	15	15.658	958
2	36	1194.2562572065956	4	40	10	right	right	1	33	15.385	2145
2	37	1675.3999554080258	4	40	10	right	right	1	43	15.292	2812
2	38	361.7852644430652	4	40	10	right	right	1	23	15.562	1478
2	39	415.7685061783842	4	40	10	right	right	1	26	15.267	1703
2	40	543.3311234377494	4	40	10	right	left	0	49	15.227	3218
3	1	308.65959516524407	4	40	10	right	right	1	55	15.299	3595
3	2	337.68527945370624	4	40	10	left	left	1	61	15.25	4000
3	3	305.2513356602158	4	40	10	left	left	1	15	15.244	984
3	4	312.20265358444385	4	40	10	left	right	0	59	15.285	3860
3	5	1544.7694890585744	4	40	10	left	left	1	39	15.24	2559
3	6	2774.8398212336688	4	40	10	right	right	1	34	15.539	2188
3	7	914.4063136853815	4	40	10	right	right	1	28	15.512	1805
3	8	468.4088260668091	4	40	10	left	left	1	28	15.453	1812
3	9	2457.0530347301033	4	40	10	left	left	1	21	15.328	1370
3	10	2271.6313456289513	4	40	10	right	right	1	27	15.652	1725
3	11	445.15636068264314	4	40	10	right	left	0	34	15.343	2216
3	12	492.44300711268926	4	40	10	right	right	1	75	15.328	4893
3	13	878.8226232230337	4	40	10	right	left	0	49	15.298	3203
3	14	1721.5671294029664	4	40	10	right	right	1	22	15.625	1408
3	15	2083.187586720862	4	40	10	left	left	1	25	15.538	1609
3	16	220.617330893664	4	40	10	right	right	1	23	15.753	1460
3	17	725.9406093985768	4	40	10	right	left	0	18	15.28	1178
3	18	472.1628028386149	4	40	10	right	right	1	31	15.189	2041
3	19	1249.1572653112396	4	40	10	left	left	1	48	15.291	3139
3	20	2232.5628724509447	4	40	10	left	left	1	29	15.558	1864
3	21	1421.7361608662666	4	40	10	right	right	1	22	15.162	1451
3	22	2052.8998374681696	4	40	10	right	right	1	30	15.472	1939
3	23	280.5013150545059	4	40	10	left	left	1	19	15.781	1204
3	24	780.6144762828268	4	40	10	left	left	1	22	15.471	1422
3	25	1501.2751989975413	4	40	10	left	right	0	7	16.867	415
3	26	1175.557938824772	4	40	10	left	left	1	31	15.554	1993
3	27	439.70753155499784	4	40	10	right	right	1	29	15.312	1894
3	28	1526.205940103042	4	40	10	left	left	1	12	16.173	742
3	29	382.1849927080966	4	40	10	right	right	1	11	15.625	704
3	30	301.93841592814977	4	40	10	right	right	1	26	15.294	1700
3	31	424.1286801340402	4	40	10	left	left	1	16	15.474	1034
3	32	615.2600157506661	4	40	10	left	right	0	34	15.511	2192
3	33	508.42432506793875	4	40	10	left	left	1	12	16.129	744
3	34	872.1469829539362	4	40	10	left	left	1	22	15.363	1432
3	35	302.71759692620714	4	40	10	left	left	1	23	15.509	1483
3	36	973.7525184083797	4	40	10	right	left	0	35	15.425	2269
3	37	813.4888882588489	4	40	10	left	left	1	12	16.151	743
3	38	1967.088155190179	4	40	10	right	right	1	58	15.36	3776
3	39	1166.189998151719	4	40	10	right	right	1	19	15.335	1239
3	40	569.8950908610208	4	40	10	right	right	1	17	15.554	1093
4	1	304.8322107750603	4	40	10	left	right	0	13	15.873	819
4	2	245.8272278737116	4	40	10	left	left	1	21	15.579	1348
4	3	1717.357744575613	4	40	10	right	right	1	28	15.309	1829
4	4	309.22604204735376	4	40	10	left	left	1	20	15.152	1320
4	5	630.6548925340221	4	40	10	left	left	1	19	15.372	1236
4	6	200.58508591294847	4	40	10	left	left	1	43	15.335	2804
4	7	2210.461523202615	4	40	10	right	right	1	17	15.469	1099
4	8	358.1060475432592	4	40	10	right	right	1	59	15.325	3850
4	9	1424.4440654762104	4	40	10	left	left	1	22	15.839	1389
4	10	487.3140821676388	4	40	10	left	left	1	28	15.573	1798
4	11	618.1064608492036	4	40	10	right	right	1	33	15.529	2125
4	12	1075.7665579787008	4	40	10	right	right	1	51	15.343	3324
4	13	245.98961707593386	4	40	10	right	right	1	79	15.298	5164
4	14	655.1749645240134	4	40	10	left	left	1	69	15.198	4540
4	15	1028.6338789657411	4	40	10	left	right	0	40	15.291	2616
4	16	2423.5091658793312	4	40	10	right	left	0	38	15.466	2457
4	17	1369.2430592803462	4	40	10	left	right	0	40	15.474	2585
4	18	287.11095544491894	4	40	10	right	right	1	41	15.356	2670
4	19	244.7181109775767	4	40	10	right	right	1	18	15.845	1136
4	20	294.9424254176383	4	40	10	left	left	1	17	16.023	1061
4	21	539.8550953649321	4	40	10	right	right	1	28	15.152	1848
4	22	391.0785930402648	4	40	10	right	right	1	28	15.453	1812
4	23	2012.9541346834449	4	40	10	right	right	1	29	15.191	1909
4	24	267.8642153660216	4	40	10	right	right	1	31	15.041	2061
4	25	207.03069645670706	4	40	10	left	left	1	49	15.194	3225
4	26	224.03637217867328	4	40	10	left	left	1	57	15.335	3717
4	27	1234.4990706227866	4	40	10	right	right	1	17	15.399	1104
4	28	989.2027427033614	4	40	10	left	left	1	32	15.152	2112
4	29	907.3799345653564	4	40	10	left	right	0	16	15.267	1048
4	30	462.76993575993873	4	40	10	left	left	1	25	15.356	1628
4	31	225.43613030961004	4	40	10	left	left	1	42	15.206	2762
4	32	336.30850269783326	4	40	10	right	right	1	21	15.51	1354
4	33	817.7106686971581	4	40	10	right	right	1	22	15.504	1419
4	34	1368.9257597822625	4	40	10	right	right	1	58	15.255	3802
4	35	776.9114007800923	4	40	10	left	right	0	116	15.255	7604
4	36	372.763076272788	4	40	10	left	left	1	227	15.164	14970
4	37	1365.5141427435608	4	40	10	left	right	0	16	15.702	1019
4	38	1154.6885077482968	4	40	10	right	right	1	18	15.679	1148
4	39	521.8419809212876	4	40	10	right	left	0	12	15.326	783
4	40	1669.348675218072	4	40	10	right	right	1	52	15.276	3404
