
blkNum	trlNum	randomStimulusOnsetTime	coherentDots	numberofDots	percentCoherence	winningDirection	response	correct	eventCount	averageFrameRate	RT
1	1	200.372149513141	4	40	10	right	right	1	114	15.265	7468
1	2	706.3928631754225	4	40	10	right	left	0	83	15.19	5464
1	3	213.84852231190405	4	40	10	right	right	1	63	15.351	4104
1	4	399.5783697896775	4	40	10	right	right	1	60	15.213	3944
1	5	2253.4634178579763	4	40	10	right	right	1	58	15.179	3821
1	6	929.5669481132796	4	40	10	left	right	0	101	15.152	6666
1	7	777.3453173830209	4	40	10	left	right	0	96	15.226	6305
1	8	2002.0548082487403	4	40	10	right	right	1	95	15.271	6221
1	9	542.3355985270161	4	40	10	right	right	1	85	15.206	5590
1	10	875.2530926293847	4	40	10	left	right	0	88	15.214	5784
1	11	780.3721495483319	4	40	10	left	left	1	16	15.889	1007
1	12	803.1401492484102	4	40	10	left	right	0	91	15.225	5977
1	13	3099.4015498118933	4	40	10	right	right	1	60	15.236	3938
1	14	721.7970675868778	4	40	10	right	right	1	62	15.241	4068
1	15	227.46084349573115	4	40	10	left	left	1	43	15.374	2797
1	16	880.177024180688	4	40	10	left	right	0	182	15.184	11986
1	17	215.64293893167053	4	40	10	right	left	0	31	15.271	2030
1	18	1181.9519590372063	4	40	10	right	right	1	43	15.374	2797
1	19	283.550940107818	4	40	10	right	left	0	157	15.178	10344
1	20	303.5451942564047	4	40	10	right	left	0	29	15.376	1886
1	21	1769.1859668048537	4	40	10	left	right	0	11	15.942	690
1	22	621.9237431454151	4	40	10	left	left	1	14	15.334	913
1	23	707.8678081764839	4	40	10	right	right	1	16	15.764	1015
1	24	1314.129759219766	4	40	10	right	left	0	15	15.756	952
1	25	553.7125479709287	4	40	10	left	left	1	12	15.748	762
1	26	2812.2489338635783	4	40	10	right	right	1	12	16.371	733
1	27	341.58911619833975	4	40	10	left	left	1	10	15.974	626
1	28	437.2532442833352	4	40	10	left	right	0	10	16.287	614
1	29	241.95432971155878	4	40	10	left	left	1	17	15.413	1103
1	30	956.1048805344194	4	40	10	right	left	0	11	15.406	714
1	31	213.86621780924753	4	40	10	left	right	0	21	15.475	1357
1	32	1314.5270155008575	4	40	10	right	right	1	42	15.195	2764
1	33	1461.15750562338	4	40	10	left	right	0	49	15.327	3197
1	34	1542.780339128457	4	40	10	left	left	1	22	15.471	1422
1	35	550.3608265014664	4	40	10	left	left	1	13	15.24	853
1	36	652.3001431300224	4	40	10	right	right	1	17	15.873	1071
1	37	834.5322062296341	4	40	10	right	right	1	12	15.686	765
1	38	319.99460059569003	4	40	10	left	left	1	17	15.385	1105
1	39	228.92746938197422	4	40	10	left	right	0	13	15.7	828
1	40	1252.079568909537	4	40	10	left	right	0	14	16.166	866
2	1	514.1943909530053	4	40	10	right	left	0	15	15.464	970
2	2	1207.245842915262	4	40	10	left	right	0	11	15.67	702
2	3	2420.9188264605555	4	40	10	left	right	0	18	15.544	1158
2	4	4322.293545944514	4	40	10	left	left	1	34	15.448	2201
2	5	405.5160468530802	4	40	10	right	left	0	20	15.48	1292
2	6	599.3239195987609	4	40	10	left	right	0	10	15.408	649
2	7	472.2067245525261	4	40	10	right	right	1	13	15.834	821
2	8	367.9691319120716	4	40	10	right	left	0	14	16.073	871
2	9	1654.1382906809326	4	40	10	left	left	1	35	15.244	2296
2	10	735.5667101515376	4	40	10	left	left	1	13	15.258	852
2	11	1000.4348522937884	4	40	10	left	left	1	20	15.773	1268
2	12	1243.8353077295874	4	40	10	right	left	0	16	15.238	1050
2	13	313.6035643711461	4	40	10	right	left	0	14	15.873	882
2	14	1110.5292390013565	4	40	10	right	left	0	17	16.038	1060
2	15	391.66766650134355	4	40	10	left	right	0	11	15.193	724
2	16	633.1427545639328	4	40	10	right	right	1	35	15.067	2323
2	17	2578.284448361511	4	40	10	right	left	0	12	15.171	791
2	18	582.8281951441031	4	40	10	left	left	1	13	15.588	834
2	19	1328.1702298365053	4	40	10	right	right	1	22	15.299	1438
2	20	220.9760037138348	4	40	10	right	right	1	30	15.568	1927
2	21	445.898742134592	4	40	10	right	right	1	28	15.427	1815
2	22	1079.394894693828	4	40	10	left	right	0	58	15.231	3808
2	23	1679.6261456546792	4	40	10	right	left	0	16	15.311	1045
2	24	963.4334378714848	4	40	10	right	right	1	11	15.449	712
2	25	1030.7913543397349	4	40	10	right	left	0	11	16.591	663
2	26	2106.276333130513	4	40	10	left	left	1	13	15.971	814
2	27	1422.1418180553603	4	40	10	right	right	1	14	15.251	918
2	28	292.34181386683235	4	40	10	left	left	1	9	16.636	541
2	29	1186.8246068270428	4	40	10	right	right	1	12	15.152	792
2	30	227.62498012164292	4	40	10	left	left	1	9	16.187	556
2	31	353.96952994394405	4	40	10	left	right	0	10	15.291	654
2	32	1543.8240479695187	4	40	10	left	left	1	23	15.344	1499
2	33	296.48375827721804	4	40	10	left	right	0	13	15.569	835
2	34	262.2301345563619	4	40	10	left	right	0	31	15.438	2008
2	35	303.905152587864	4	40	10	left	left	1	10	15.601	641
2	36	456.7348204329968	4	40	10	left	right	0	34	15.247	2230
2	37	892.0529199908411	4	40	10	left	right	0	47	15.435	3045
2	38	247.11901359310932	4	40	10	right	left	0	10	16.155	619
2	39	1566.2004926418122	4	40	10	right	right	1	10	15.291	654
2	40	447.0085472030879	4	40	10	right	right	1	22	15.559	1414
3	1	698.2974860208719	4	40	10	right	right	1	11	16.442	669
3	2	1313.0755984100315	4	40	10	left	left	1	11	15.896	692
3	3	338.50702098255283	4	40	10	left	right	0	9	16.544	544
3	4	390.02764504938784	4	40	10	right	left	0	14	15.168	923
3	5	1272.3802764178433	4	40	10	right	right	1	10	16.393	610
3	6	1210.3539733274918	4	40	10	right	left	0	9	15.901	566
3	7	1861.8521879495888	4	40	10	left	right	0	16	15.702	1019
3	8	353.5754684920254	4	40	10	left	left	1	34	15.253	2229
3	9	1016.0510589047411	4	40	10	left	right	0	14	15.837	884
3	10	258.956735842923	4	40	10	right	left	0	38	15.391	2469
3	11	384.6074476480856	4	40	10	left	left	1	9	15.228	591
3	12	311.1572885496611	4	40	10	right	right	1	15	15.322	979
3	13	1236.7459859223043	4	40	10	left	left	1	15	15.275	982
3	14	480.38662574947006	4	40	10	right	left	0	15	15.512	967
3	15	2395.0504500668485	4	40	10	left	left	1	11	15.299	719
3	16	409.965965991034	4	40	10	left	right	0	10	15.456	647
3	17	904.0300249035863	4	40	10	right	left	0	7	15.59	449
3	18	1459.8770094184501	4	40	10	left	right	0	10	16.34	612
3	19	531.5704136253194	4	40	10	left	left	1	10	15.773	634
3	20	1339.582194532963	4	40	10	right	left	0	23	15.457	1488
3	21	3566.478653291374	4	40	10	right	right	1	11	15.942	690
3	22	401.86131690995114	4	40	10	left	left	1	16	15.37	1041
3	23	1949.0027665237858	4	40	10	right	right	1	13	16.291	798
3	24	844.7492937748749	4	40	10	right	right	1	40	15.267	2620
3	25	766.0345830206112	4	40	10	left	right	0	34	15.525	2190
3	26	2191.2622522073807	4	40	10	left	left	1	6	15.19	395
3	27	1402.8898781114221	4	40	10	left	left	1	9	16.667	540
3	28	1099.1134860619068	4	40	10	left	left	1	9	15.517	580
3	29	305.3272523407699	4	40	10	right	left	0	14	15.251	918
3	30	229.70091525306572	4	40	10	right	right	1	9	15.544	579
3	31	960.6770182825666	4	40	10	left	left	1	16	16.032	998
3	32	1241.6408013725643	4	40	10	left	right	0	10	15.432	648
3	33	3463.7909334194155	4	40	10	right	left	0	22	15.214	1446
3	34	762.1474791654849	4	40	10	right	right	1	7	16.746	418
3	35	873.4284549873375	4	40	10	left	left	1	12	15.769	761
3	36	272.5693071049797	4	40	10	right	right	1	15	15.369	976
3	37	583.3573711710255	4	40	10	right	right	1	26	15.569	1670
3	38	3091.5084211059675	4	40	10	right	left	0	13	16.109	807
3	39	457.0987487668793	4	40	10	left	right	0	22	15.395	1429
3	40	913.9351079446054	4	40	10	right	right	1	20	15.936	1255
4	1	230.9565649936887	4	40	10	left	right	0	21	15.217	1380
4	2	233.845046524691	4	40	10	left	left	1	9	15.464	582
4	3	2325.455884234979	4	40	10	left	right	0	12	16.304	736
4	4	1060.9107672514551	4	40	10	right	right	1	25	15.394	1624
4	5	1166.5224136221511	4	40	10	left	left	1	17	15.962	1065
4	6	2345.60163891233	4	40	10	right	right	1	19	15.587	1219
4	7	336.7230021811679	4	40	10	left	right	0	48	15.287	3140
4	8	1476.969112567916	4	40	10	left	right	0	31	15.531	1996
4	9	489.1350466135902	4	40	10	left	right	0	21	15.544	1351
4	10	693.8146917007421	4	40	10	left	left	1	10	15.267	655
4	11	916.7239407356612	4	40	10	left	left	1	12	16.151	743
4	12	246.47123186773433	4	40	10	right	right	1	16	15.267	1048
4	13	2331.939750952443	4	40	10	right	left	0	18	15.477	1163
4	14	728.3498129883444	4	40	10	right	right	1	14	16.073	871
4	15	322.9853063591964	4	40	10	right	right	1	15	15.464	970
4	16	482.0142231758842	4	40	10	left	left	1	19	15.664	1213
4	17	2182.893291951911	4	40	10	right	right	1	48	15.224	3153
4	18	244.0999361364935	4	40	10	left	left	1	20	15.785	1267
4	19	367.97620033162275	4	40	10	right	left	0	37	15.152	2442
4	20	1632.0444399404798	4	40	10	right	right	1	22	15.839	1389
4	21	958.6409560519028	4	40	10	right	left	0	26	15.321	1697
4	22	1023.9547746645727	4	40	10	right	right	1	22	15.299	1438
4	23	926.7564068583532	4	40	10	left	left	1	17	15.947	1066
4	24	362.39308891615605	4	40	10	right	right	1	46	15.359	2995
4	25	985.8234949075786	4	40	10	right	left	0	30	15.593	1924
4	26	681.9830027089714	4	40	10	left	right	0	19	15.46	1229
4	27	230.83845165746789	4	40	10	left	left	1	31	15.263	2031
4	28	340.02074186861455	4	40	10	right	right	1	42	15.323	2741
4	29	356.16322621122544	4	40	10	left	left	1	44	15.23	2889
4	30	342.5512481752294	4	40	10	right	right	1	19	15.36	1237
4	31	1297.6846926948667	4	40	10	right	right	1	17	15.683	1084
4	32	1087.054580833476	4	40	10	right	right	1	16	15.18	1054
4	33	1374.6241454594694	4	40	10	left	left	1	19	15.347	1238
4	34	647.7370561932967	4	40	10	right	right	1	27	15.194	1777
4	35	203.50678104958143	4	40	10	left	left	1	43	15.281	2814
4	36	572.2833270058611	4	40	10	right	left	0	42	15.295	2746
4	37	234.76599489464536	4	40	10	right	right	1	26	15.504	1677
4	38	1030.0313317045513	4	40	10	left	left	1	29	15.247	1902
4	39	551.9757337462883	4	40	10	left	left	1	53	15.261	3473
4	40	441.50427852892864	4	40	10	left	right	0	13	15.625	832
