
blkNum	trlNum	randomStimulusOnsetTime	coherentDots	numberofDots	percentCoherence	winningDirection	response	correct	eventCount	averageFrameRate	RT
1	1	1398.4279945050357	4	40	10	right	right	1	16	15.429	1037
1	2	1168.537681545884	4	40	10	right	left	0	14	15.784	887
1	3	332.98976918005553	4	40	10	left	left	1	12	15.707	764
1	4	451.9407836380576	4	40	10	right	right	1	11	15.919	691
1	5	795.2179333695988	4	40	10	left	left	1	9	16.187	556
1	6	326.7082526028103	4	40	10	right	right	1	14	15.334	913
1	7	932.2841136635376	4	40	10	left	left	1	10	16.75	597
1	8	305.07113940935596	4	40	10	right	right	1	9	16.729	538
1	9	913.552910475765	4	40	10	left	left	1	11	16.566	664
1	10	1027.6101396805534	4	40	10	right	right	1	12	15.404	779
1	11	457.08216889289145	4	40	10	left	left	1	22	15.805	1392
1	12	357.4712205470819	4	40	10	right	right	1	10	16.42	609
1	13	898.4964871079513	4	40	10	left	left	1	9	15.957	564
1	14	566.0609816359577	4	40	10	left	left	1	10	16	625
1	15	464.5850180294085	4	40	10	left	left	1	11	15.428	713
1	16	727.6118999252845	4	40	10	right	right	1	8	15.686	510
1	17	206.77837163390575	4	40	10	right	right	1	12	15.894	755
1	18	791.0483467064421	4	40	10	left	left	1	9	16.453	547
1	19	928.4857765135013	4	40	10	left	right	0	10	16.103	621
1	20	1054.3401539820265	4	40	10	left	left	1	8	15.267	524
1	21	1276.6546351522989	4	40	10	left	left	1	63	15.195	4146
1	22	1065.5328076492765	4	40	10	right	right	1	14	15.59	898
1	23	1810.0757113490195	4	40	10	right	right	1	13	15.873	819
1	24	324.7934505347389	4	40	10	right	left	0	7	15.66	447
1	25	250.17576349143587	4	40	10	right	right	1	10	16.447	608
1	26	215.25139575252962	4	40	10	right	left	0	12	15.345	782
1	27	404.59499147855	4	40	10	right	right	1	15	15.136	991
1	28	1524.638888776882	4	40	10	left	left	1	9	15.491	581
1	29	530.9282869832946	4	40	10	left	right	0	11	15.942	690
1	30	2097.276355768326	4	40	10	right	right	1	14	16.073	871
1	31	886.261764959009	4	40	10	left	left	1	20	15.528	1288
1	32	456.2168531502621	4	40	10	left	left	1	18	15.254	1180
1	33	1075.6733538426743	4	40	10	left	right	0	11	16.248	677
1	34	1570.2858924779093	4	40	10	right	right	1	11	16.418	670
1	35	620.4667663583953	4	40	10	left	left	1	11	15.214	723
1	36	470.41405696030785	4	40	10	left	right	0	15	15.74	953
1	37	375.9397312191655	4	40	10	left	left	1	14	15.419	908
1	38	235.69250694103144	4	40	10	right	right	1	11	16.058	685
1	39	254.28092982535392	4	40	10	right	left	0	22	15.515	1418
1	40	1622.6026847494084	4	40	10	right	right	1	13	15.873	819
2	1	1096.280413757723	4	40	10	left	left	1	13	15.458	841
2	2	3411.806666889375	4	40	10	right	right	1	17	15.497	1097
2	3	234.05547049211185	4	40	10	right	left	0	9	16.544	544
2	4	999.9241473953625	4	40	10	left	right	0	18	15.306	1176
2	5	1984.267139475024	4	40	10	left	left	1	10	16.529	605
2	6	617.5650359803747	4	40	10	left	right	0	10	16.026	624
2	7	746.942119341827	4	40	10	left	left	1	16	15.564	1028
2	8	445.2879925803839	4	40	10	right	right	1	15	15.496	968
2	9	457.18748809195716	4	40	10	left	left	1	10	16.207	617
2	10	208.61676680632482	4	40	10	right	right	1	10	16.779	596
2	11	1165.493816066656	4	40	10	right	left	0	15	15.658	958
2	12	1138.210591016599	4	40	10	right	right	1	14	15.766	888
2	13	475.6955478150764	4	40	10	right	right	1	17	15.683	1084
2	14	315.56108754083385	4	40	10	right	right	1	17	15.639	1087
2	15	215.44055391645188	4	40	10	left	left	1	9	15.901	566
2	16	626.761853783006	4	40	10	right	right	1	11	15.714	700
2	17	530.2620594246678	4	40	10	left	left	1	11	15.85	694
2	18	1203.4674391571916	4	40	10	right	right	1	15	15.448	971
2	19	381.55954372947065	4	40	10	left	left	1	8	15.238	525
2	20	864.2042885643342	4	40	10	right	right	1	11	15.32	718
2	21	893.1803499944434	4	40	10	right	left	0	17	15.413	1103
2	22	298.47261716583705	4	40	10	right	right	1	11	15.873	693
2	23	723.6560894246353	4	40	10	left	left	1	9	16.917	532
2	24	332.5994332586699	4	40	10	left	right	0	13	15.312	849
2	25	349.32561949059743	4	40	10	right	left	0	15	15.756	952
2	26	1089.7252938412644	4	40	10	right	right	1	12	15.957	752
2	27	392.2261974530178	4	40	10	left	left	1	9	15.789	570
2	28	232.53757285575364	4	40	10	left	left	1	15	15.856	946
2	29	440.57697369987	4	40	10	right	right	1	11	15.714	700
2	30	447.6274295870045	4	40	10	right	right	1	12	15.979	751
2	31	600.172255138423	4	40	10	left	left	1	8	16.129	496
2	32	1607.6422674451665	4	40	10	left	left	1	10	16.077	622
2	33	981.3751763380171	4	40	10	left	left	1	9	15.625	576
2	34	522.8448905876684	4	40	10	left	left	1	14	15.677	893
2	35	211.74562797283866	4	40	10	right	right	1	17	15.639	1087
2	36	1553.0917830243375	4	40	10	left	left	1	11	15.692	701
2	37	538.4825480452272	4	40	10	left	left	1	15	15.48	969
2	38	779.1863491079607	4	40	10	right	right	1	12	16.216	740
2	39	295.5184968428385	4	40	10	left	left	1	8	15.748	508
2	40	1552.0448323406115	4	40	10	right	right	1	12	15.584	770
3	1	2079.6062990832834	4	40	10	left	left	1	11	15.759	698
3	2	637.7542607188802	4	40	10	right	right	1	9	16.423	548
3	3	1389.0619023500287	4	40	10	left	left	1	11	15.714	700
3	4	819.6474690160643	4	40	10	left	right	0	17	15.611	1089
3	5	460.95400770558814	4	40	10	left	left	1	9	15.817	569
3	6	512.1325133522305	4	40	10	left	left	1	10	16.051	623
3	7	209.60766540370412	4	40	10	left	left	1	12	15.831	758
3	8	899.9874490751062	4	40	10	right	left	0	10	16.103	621
3	9	1407.0392038230484	4	40	10	right	left	0	10	15.129	661
3	10	323.11581743022003	4	40	10	left	left	1	21	15.813	1328
3	11	343.3088846992352	4	40	10	right	right	1	10	16.287	614
3	12	497.8815502138365	4	40	10	right	right	1	27	15.553	1736
3	13	347.1073380415611	4	40	10	right	right	1	14	15.695	892
3	14	1675.4714020471592	4	40	10	left	left	1	11	15.428	713
3	15	351.52301879515323	4	40	10	left	right	0	22	15.581	1412
3	16	902.9247653039063	4	40	10	right	right	1	9	15.625	576
3	17	247.7399008652052	4	40	10	left	left	1	15	15.823	948
3	18	608.5654368076434	4	40	10	left	left	1	13	16.109	807
3	19	852.0802459835858	4	40	10	left	right	0	10	15.974	626
3	20	1153.2550784147643	4	40	10	right	right	1	16	16.064	996
3	21	1459.1769244455868	4	40	10	right	right	1	11	16.105	683
3	22	1284.4097761164335	4	40	10	left	left	1	10	15.314	653
3	23	228.7429012628471	4	40	10	left	left	1	18	15.241	1181
3	24	2739.233000389088	4	40	10	right	right	1	9	16.1	559
3	25	1388.6135759875792	4	40	10	right	right	1	10	15.773	634
3	26	425.157655036934	4	40	10	right	left	0	14	15.334	913
3	27	293.233228890011	4	40	10	right	right	1	8	15.414	519
3	28	524.9106455360759	4	40	10	right	left	0	13	15.7	828
3	29	525.371608267797	4	40	10	left	left	1	13	15.403	844
3	30	1493.0574342472905	4	40	10	right	right	1	11	15.152	726
3	31	1309.8274165962348	4	40	10	left	left	1	12	15.645	767
3	32	556.0334833843219	4	40	10	right	right	1	14	15.73	890
3	33	428.09339129430464	4	40	10	left	left	1	10	15.48	646
3	34	1628.8394007392203	4	40	10	right	right	1	11	15.172	725
3	35	775.9481469508571	4	40	10	right	right	1	14	15.521	902
3	36	481.926510550041	4	40	10	right	right	1	11	15.406	714
3	37	1165.6508436394738	4	40	10	left	left	1	11	15.11	728
3	38	836.404122955436	4	40	10	right	right	1	12	15.915	754
3	39	598.8026569008193	4	40	10	left	left	1	10	15.576	642
3	40	270.2154260613098	4	40	10	left	left	1	21	15.317	1371
4	1	941.0040615600876	4	40	10	left	left	1	12	15.385	780
4	2	382.0464149498479	4	40	10	right	right	1	10	15.291	654
4	3	249.57495830360614	4	40	10	left	left	1	9	15.491	581
4	4	505.2790791481055	4	40	10	right	right	1	18	15.451	1165
4	5	1089.5003950766284	4	40	10	left	left	1	10	15.823	632
4	6	332.34016179149853	4	40	10	left	left	1	14	15.964	877
4	7	288.52519118722296	4	40	10	left	left	1	10	15.699	637
4	8	639.6061026657014	4	40	10	right	right	1	10	15.291	654
4	9	508.5731135556026	4	40	10	left	left	1	17	15.206	1118
4	10	471.89786257974333	4	40	10	left	left	1	13	15.55	836
4	11	515.4681974019863	4	40	10	left	right	0	15	15.512	967
4	12	1991.3201408889493	4	40	10	left	left	1	22	15.559	1414
4	13	538.4625598829565	4	40	10	right	right	1	11	15.32	718
4	14	292.899279618946	4	40	10	left	left	1	10	15.949	627
4	15	612.5574172774186	4	40	10	right	right	1	16	15.123	1058
4	16	367.54421476978575	4	40	10	left	left	1	8	16.427	487
4	17	362.21592357919667	4	40	10	right	left	0	11	15.737	699
4	18	1410.4702981970797	4	40	10	right	right	1	16	15.905	1006
4	19	909.2904480038309	4	40	10	left	left	1	13	15.912	817
4	20	410.3843672122017	4	40	10	left	right	0	9	16.393	549
4	21	1223.835744273409	4	40	10	right	left	0	9	16.043	561
4	22	2533.125865220885	4	40	10	right	right	1	9	15.789	570
4	23	340.71082539171033	4	40	10	left	left	1	16	15.355	1042
4	24	784.4070399833654	4	40	10	right	right	1	12	15.248	787
4	25	426.53274422100924	4	40	10	right	left	0	11	15.131	727
4	26	1584.9272961351423	4	40	10	left	left	1	10	15.244	656
4	27	1068.4353638907262	4	40	10	left	left	1	8	15.355	521
4	28	241.0355806055536	4	40	10	right	right	1	9	15.929	565
4	29	1243.0968151435798	4	40	10	left	left	1	11	15.988	688
4	30	355.13018947878624	4	40	10	right	right	1	16	15.399	1039
4	31	701.589227229048	4	40	10	right	left	0	7	16.588	422
4	32	684.2437033128259	4	40	10	right	right	1	9	16.014	562
4	33	413.44126684403193	4	40	10	left	left	1	7	15.251	459
4	34	3527.5827958224963	4	40	10	right	left	0	9	16.917	532
4	35	683.349247786952	4	40	10	right	left	0	8	15.152	528
4	36	1735.8785551042047	4	40	10	right	right	1	11	15.85	694
4	37	908.4134748184537	4	40	10	left	left	1	9	15.228	591
4	38	404.9456234564749	4	40	10	left	left	1	14	15.677	893
4	39	512.3194709847901	4	40	10	right	right	1	9	15.491	581
4	40	746.8966530640449	4	40	10	right	right	1	11	15.363	716
