
blkNum	trlNum	randomStimulusOnsetTime	coherentDots	numberofDots	percentCoherence	winningDirection	response	correct	eventCount	averageFrameRate	RT
1	1	472.1990711683109	4	40	10	right	right	1	19	15.091	1259
1	2	898.0940287078499	4	40	10	right	right	1	13	15.682	829
1	3	628.8476467115838	4	40	10	right	right	1	10	16.611	602
1	4	504.31479132125867	4	40	10	left	left	1	19	15.886	1196
1	5	666.0090759042366	4	40	10	right	right	1	11	16.296	675
1	6	550.0209120746999	4	40	10	right	right	1	10	15.576	642
1	7	323.63856590680524	4	40	10	right	right	1	11	16.105	683
1	8	373.54721000137056	4	40	10	left	left	1	9	16.544	544
1	9	258.84760492489977	4	40	10	right	right	1	10	16.313	613
1	10	247.22656892569157	4	40	10	left	left	1	13	16.23	801
1	11	2766.0363063052496	4	40	10	left	right	0	6	16.216	370
1	12	1058.4886350409122	4	40	10	left	right	0	8	16.032	499
1	13	686.3827752732162	4	40	10	left	left	1	19	15.953	1191
1	14	459.557111369881	4	40	10	right	right	1	13	16.25	800
1	15	951.079984076094	4	40	10	left	left	1	11	15.449	712
1	16	1556.5407032014966	4	40	10	left	left	1	13	15.912	817
1	17	4188.3812406895895	4	40	10	right	right	1	10	16.026	624
1	18	511.3730015480884	4	40	10	left	right	0	8	17.131	467
1	19	852.5461805365696	4	40	10	right	left	0	25	15.404	1623
1	20	1092.0475151966975	4	40	10	left	left	1	16	15.702	1019
1	21	501.6335723453409	4	40	10	left	left	1	17	15.829	1074
1	22	2116.403847616065	4	40	10	right	right	1	11	16.442	669
1	23	460.53103230580314	4	40	10	right	right	1	25	15.281	1636
1	24	254.28157791013092	4	40	10	right	right	1	16	16.113	993
1	25	1534.4724648958231	4	40	10	left	left	1	14	15.217	920
1	26	393.37106493536226	4	40	10	left	left	1	14	16.26	861
1	27	277.9108156285061	4	40	10	right	right	1	24	15.219	1577
1	28	1149.3152183283655	4	40	10	left	left	1	11	15.193	724
1	29	3215.942354196933	4	40	10	right	right	1	7	16.055	436
1	30	2664.8358719419575	4	40	10	left	left	1	10	15.432	648
1	31	770.7214394862928	4	40	10	left	left	1	8	15.094	530
1	32	485.17800567719894	4	40	10	right	right	1	12	15.727	763
1	33	237.17484719134848	4	40	10	right	right	1	8	15.686	510
1	34	996.8519418959838	4	40	10	left	left	1	8	15.625	512
1	35	313.2357949957282	4	40	10	right	right	1	9	16.129	558
1	36	2239.2792908608913	4	40	10	right	right	1	11	15.625	704
1	37	686.127497081555	4	40	10	left	left	1	8	15.686	510
1	38	824.2267673265497	4	40	10	left	left	1	11	15.342	717
1	39	1424.1845181868434	4	40	10	right	right	1	12	16.238	739
1	40	237.4090857208744	4	40	10	left	left	1	13	16.332	796
2	1	538.8187955846862	4	40	10	right	left	0	12	15.404	779
2	2	1574.305110599927	4	40	10	left	left	1	16	15.253	1049
2	3	323.66134954073254	4	40	10	left	left	1	11	15.32	718
2	4	312.6022376368931	4	40	10	right	right	1	10	15.152	660
2	5	1722.0991798259447	4	40	10	right	right	1	12	15.873	756
2	6	204.99056076484635	4	40	10	left	left	1	12	15.894	755
2	7	2042.6237523207692	4	40	10	left	left	1	10	16.584	603
2	8	372.85375303462627	4	40	10	right	right	1	17	15.977	1064
2	9	468.0335814588986	4	40	10	left	left	1	13	15.758	825
2	10	349.8165245654587	4	40	10	right	right	1	9	15.464	582
2	11	4397.68875918725	4	40	10	left	left	1	10	15.601	641
2	12	217.53795884606384	4	40	10	left	left	1	19	15.472	1228
2	13	1580.3702721909833	4	40	10	left	left	1	10	15.699	637
2	14	893.8368486397576	4	40	10	right	right	1	8	16.36	489
2	15	706.1977452363367	4	40	10	left	left	1	10	15.552	643
2	16	1042.3088710869974	4	40	10	right	right	1	11	16.012	687
2	17	905.9289232527946	4	40	10	left	left	1	9	15.625	576
2	18	254.32172327061315	4	40	10	right	right	1	8	15.748	508
2	19	819.7038558151911	4	40	10	left	left	1	10	15.823	632
2	20	466.39201087746466	4	40	10	left	left	1	10	16.103	621
2	21	826.8094195601295	4	40	10	right	right	1	13	15.625	832
2	22	2167.855894852447	4	40	10	right	left	0	8	15.905	503
2	23	694.4509302243312	4	40	10	left	left	1	10	15.674	638
2	24	676.7096408494274	4	40	10	left	left	1	9	16.729	538
2	25	983.255990782561	4	40	10	left	right	0	7	16.949	413
2	26	320.3181038484578	4	40	10	right	right	1	8	16.807	476
2	27	1481.631987417931	4	40	10	right	left	0	10	16.529	605
2	28	934.9352300385747	4	40	10	left	left	1	11	16.296	675
2	29	898.0000169816527	4	40	10	left	left	1	24	15.18	1581
2	30	1814.2922119596437	4	40	10	right	right	1	9	16.245	554
2	31	1992.0188282299303	4	40	10	right	right	1	10	16.051	623
2	32	3113.7523554885106	4	40	10	left	left	1	10	16.502	606
2	33	1193.750773671819	4	40	10	right	right	1	13	15.439	842
2	34	351.3574594553712	4	40	10	right	right	1	14	15.487	904
2	35	259.6610759818971	4	40	10	right	right	1	8	17.167	466
2	36	1000.3992064279232	4	40	10	right	right	1	9	16.605	542
2	37	577.5710874970105	4	40	10	right	right	1	10	15.528	644
2	38	818.8320228550956	4	40	10	right	right	1	8	15.18	527
2	39	2275.246670133964	4	40	10	left	right	0	9	16.605	542
2	40	377.1885486070881	4	40	10	left	left	1	10	15.175	659
3	1	679.5884117327546	4	40	10	right	right	1	10	16.722	598
3	2	1585.1733482577004	4	40	10	left	left	1	15	15.512	967
3	3	840.5889703547382	4	40	10	left	left	1	10	16.75	597
3	4	804.2683076865969	4	40	10	right	right	1	8	16.194	494
3	5	902.4126257216003	4	40	10	right	right	1	9	15.762	571
3	6	405.78911153697806	4	40	10	right	right	1	10	16.694	599
3	7	815.3573543288616	4	40	10	right	right	1	8	15.414	519
3	8	1197.5463454126543	4	40	10	left	left	1	10	16.611	602
3	9	803.5057407183642	4	40	10	left	left	1	14	16.26	861
3	10	951.8577740075585	4	40	10	left	left	1	11	15.805	696
3	11	656.212787603135	4	40	10	left	left	1	12	15.171	791
3	12	553.2786343332875	4	40	10	left	left	1	11	16.272	676
3	13	1387.4709597050596	4	40	10	right	right	1	10	16.779	596
3	14	996.7141052163412	4	40	10	left	left	1	9	15.306	588
3	15	316.77242182743873	4	40	10	right	right	1	8	16.771	477
3	16	537.8753817735594	4	40	10	right	right	1	14	15.945	878
3	17	690.2613217300961	4	40	10	right	right	1	11	15.737	699
3	18	501.8542966529595	4	40	10	right	right	1	15	16.146	929
3	19	292.95064861879695	4	40	10	right	right	1	10	16.077	622
3	20	500.5840946466869	4	40	10	right	right	1	13	15.99	813
3	21	1189.3870804048806	4	40	10	left	left	1	9	16.575	543
3	22	1055.382322539198	4	40	10	left	left	1	17	15.962	1065
3	23	798.6223496807056	4	40	10	right	right	1	12	15.385	780
3	24	228.13641649045795	4	40	10	left	left	1	13	15.606	833
3	25	344.6154963672517	4	40	10	right	right	1	9	15.817	569
3	26	1828.063302983911	4	40	10	left	left	1	11	16.224	678
3	27	337.82275396535147	4	40	10	right	right	1	10	16.234	616
3	28	428.16330514451886	4	40	10	right	right	1	9	16.216	555
3	29	595.1284550933628	4	40	10	right	left	0	8	15.474	517
3	30	2170.303195020897	4	40	10	left	left	1	9	15.491	581
3	31	769.3010336547547	4	40	10	left	left	1	10	15.674	638
3	32	1601.0395636966382	4	40	10	left	left	1	10	15.949	627
3	33	388.2233254279971	4	40	10	left	right	0	8	16.194	494
3	34	1347.3369983599682	4	40	10	right	right	1	10	15.974	626
3	35	920.9903434673178	4	40	10	right	right	1	8	15.094	530
3	36	878.9275499512136	4	40	10	right	right	1	8	16.632	481
3	37	1147.3287252476803	4	40	10	left	left	1	13	15.421	843
3	38	714.8679712911961	4	40	10	left	left	1	20	15.711	1273
3	39	1424.300899446714	4	40	10	left	left	1	8	16.064	498
3	40	336.53815499333643	4	40	10	left	right	0	8	16.771	477
4	1	1453.299854976337	4	40	10	left	left	1	13	16.109	807
4	2	1206.1188681102594	4	40	10	right	right	1	29	15.659	1852
4	3	632.9996940101765	4	40	10	left	left	1	15	15.674	957
4	4	736.620778451317	4	40	10	right	right	1	9	16.949	531
4	5	205.3077349086551	4	40	10	right	right	1	10	16.155	619
4	6	566.1688277831738	4	40	10	right	right	1	19	15.164	1253
4	7	893.485227992323	4	40	10	right	right	1	8	16.461	486
4	8	1374.9441713154524	4	40	10	left	left	1	20	15.785	1267
4	9	898.1180804925656	4	40	10	left	left	1	12	15.979	751
4	10	277.16781636474417	4	40	10	left	right	0	9	15.789	570
4	11	728.0128072950494	4	40	10	right	left	0	11	16.176	680
4	12	714.8584701002056	4	40	10	right	right	1	10	15.773	634
4	13	1355.9996344989959	4	40	10	left	left	1	10	15.337	652
4	14	1742.017537016819	4	40	10	right	right	1	12	15.748	762
4	15	234.43606815667349	4	40	10	left	left	1	14	15.556	900
4	16	277.83836116523946	4	40	10	left	left	1	11	15.603	705
4	17	1672.4666224169935	4	40	10	right	left	0	12	16.26	738
4	18	1042.7042799927435	4	40	10	left	left	1	14	16.222	863
4	19	754.8008235401844	4	40	10	right	right	1	11	15.988	688
4	20	203.3574076481179	4	40	10	right	right	1	8	16.495	485
4	21	1607.0864071072597	4	40	10	right	right	1	10	16.722	598
4	22	700.7961155679931	4	40	10	left	left	1	20	15.267	1310
4	23	936.3327207999913	4	40	10	left	left	1	10	15.244	656
4	24	1031.9804233906511	4	40	10	right	right	1	9	16.917	532
4	25	697.2972942299572	4	40	10	right	right	1	15	16.077	933
4	26	423.61787537806924	4	40	10	right	right	1	7	15.909	440
4	27	2220.8639321595956	4	40	10	left	left	1	15	15.789	950
4	28	428.71409383089286	4	40	10	left	left	1	10	16.474	607
4	29	1653.56494443004	4	40	10	right	right	1	11	15.737	699
4	30	424.05772188980995	4	40	10	right	right	1	11	15.714	700
4	31	635.3008455023482	4	40	10	left	left	1	13	15.606	833
4	32	460.23034540304104	4	40	10	left	left	1	13	15.682	829
4	33	694.5314239013649	4	40	10	left	left	1	9	15.491	581
4	34	419.18761350141233	4	40	10	left	left	1	9	16.575	543
4	35	421.89442703497105	4	40	10	left	left	1	9	15.411	584
4	36	662.7254092297833	4	40	10	right	right	1	12	16.327	735
4	37	1188.173627741502	4	40	10	left	left	1	14	15.436	907
4	38	372.3393364988149	4	40	10	left	right	0	10	16.447	608
4	39	2171.806872104892	4	40	10	right	right	1	11	16.467	668
4	40	415.98758974064344	4	40	10	right	right	1	9	16.729	538
