
blkNum	trlNum	randomStimulusOnsetTime	coherentDots	numberofDots	percentCoherence	winningDirection	response	correct	eventCount	averageFrameRate	RT
1	1	639.4291819270999	4	40	10	left	left	1	21	15.373	1366
1	2	847.5898614975691	4	40	10	left	left	1	15	15.015	999
1	3	349.86304261565385	4	40	10	left	right	0	31	15.271	2030
1	4	606.7695942207159	4	40	10	right	left	0	16	15.137	1057
1	5	1083.7536924479639	4	40	10	right	right	1	15	15.658	958
1	6	651.6981504860357	4	40	10	right	right	1	10	15.221	657
1	7	1066.9024163570625	4	40	10	left	left	1	12	15.019	799
1	8	556.8865004901838	4	40	10	left	right	0	20	15.004	1333
1	9	274.0280825243251	4	40	10	left	left	1	11	15.342	717
1	10	2743.1088944146527	4	40	10	right	right	1	14	14.941	937
1	11	1059.4919359303487	4	40	10	left	left	1	10	16.367	611
1	12	256.0889356522719	4	40	10	right	right	1	10	16.181	618
1	13	443.27274920968415	4	40	10	left	left	1	12	16.021	749
1	14	639.9872304740445	4	40	10	right	right	1	9	15.126	595
1	15	1273.9756864334704	4	40	10	right	right	1	10	15.873	630
1	16	308.74308461058587	4	40	10	right	left	0	12	15.873	756
1	17	1680.8485895045026	4	40	10	left	left	1	54	15.025	3594
1	18	763.4981597838616	4	40	10	right	right	1	15	15.03	998
1	19	285.61017392510774	4	40	10	left	left	1	15	15.773	951
1	20	750.0026282636206	4	40	10	right	right	1	11	15.385	715
1	21	410.9983606841962	4	40	10	right	right	1	18	15.517	1160
1	22	417.83776488304966	4	40	10	left	left	1	9	15.228	591
1	23	1721.9259243506685	4	40	10	right	left	0	10	15.576	642
1	24	598.6381172998384	4	40	10	right	right	1	10	15.552	643
1	25	529.7792422247337	4	40	10	left	right	0	8	15.81	506
1	26	454.4602341022185	4	40	10	right	right	1	13	15.738	826
1	27	418.27137394837007	4	40	10	right	right	1	9	16.245	554
1	28	1012.4559358306174	4	40	10	right	right	1	8	15.038	532
1	29	350.29947390636164	4	40	10	left	left	1	8	16.427	487
1	30	478.7999902983902	4	40	10	right	right	1	10	16.181	618
1	31	1280.6982013188726	4	40	10	left	left	1	28	15.309	1829
1	32	284.5582670827476	4	40	10	left	left	1	15	15.496	968
1	33	865.9021107569723	4	40	10	right	right	1	9	15.679	574
1	34	1277.746547854089	4	40	10	left	left	1	10	15.408	649
1	35	839.0455520885512	4	40	10	left	left	1	9	14.95	602
1	36	2790.6452222152097	4	40	10	left	left	1	32	15.216	2103
1	37	814.8376714986739	4	40	10	right	right	1	23	15.222	1511
1	38	1110.2316651406813	4	40	10	left	left	1	17	15.071	1128
1	39	645.1104373353364	4	40	10	left	left	1	15	14.925	1005
1	40	763.9479431202669	4	40	10	right	right	1	17	15.829	1074
2	1	1015.369957923895	4	40	10	right	right	1	20	15.049	1329
2	2	438.49802653859933	4	40	10	right	right	1	14	15.301	915
2	3	354.95270047399504	4	40	10	right	right	1	12	15.248	787
2	4	394.6750260448475	4	40	10	right	right	1	13	14.96	869
2	5	285.43933311331557	4	40	10	left	left	1	11	15.581	706
2	6	1255.2312864430282	4	40	10	left	left	1	12	16.107	745
2	7	913.4224597627723	4	40	10	right	right	1	10	16	625
2	8	253.33968314815777	4	40	10	left	left	1	30	14.94	2008
2	9	324.6675638000836	4	40	10	left	left	1	12	16.043	748
2	10	1503.8488389032193	4	40	10	left	left	1	19	15.397	1234
2	11	302.0956301234584	4	40	10	right	right	1	17	15.441	1101
2	12	431.7976252877159	4	40	10	right	right	1	15	15.136	991
2	13	562.0902200403601	4	40	10	right	left	0	12	15.873	756
2	14	443.81409262542934	4	40	10	left	right	0	14	15.964	877
2	15	239.8026100895403	4	40	10	left	left	1	11	15.172	725
2	16	1072.0733504560458	4	40	10	right	right	1	10	15.291	654
2	17	453.7432188278619	4	40	10	right	right	1	13	15.873	819
2	18	565.5313359810301	4	40	10	left	left	1	12	15.075	796
2	19	828.369389124249	4	40	10	left	left	1	16	14.967	1069
2	20	307.19577535285964	4	40	10	right	right	1	13	15.046	864
2	21	289.39944341671526	4	40	10	left	left	1	19	15.31	1241
2	22	536.1246798793918	4	40	10	right	right	1	10	16.207	617
2	23	262.3367806710629	4	40	10	right	right	1	13	15.294	850
2	24	792.233926399208	4	40	10	right	right	1	25	15.47	1616
2	25	1150.3466349802843	4	40	10	right	right	1	15	15.4	974
2	26	719.3333978968489	4	40	10	left	right	0	14	15.436	907
2	27	718.8122315709529	4	40	10	left	left	1	12	16.129	744
2	28	1452.4823662522579	4	40	10	left	left	1	12	15.113	794
2	29	1333.180804141097	4	40	10	left	left	1	10	15.175	659
2	30	818.3404244981873	4	40	10	left	left	1	18	15.639	1151
2	31	713.4947299636684	4	40	10	right	right	1	12	15.936	753
2	32	1061.3460929621042	4	40	10	right	left	0	9	16.014	562
2	33	1247.514876512978	4	40	10	right	right	1	9	15.05	598
2	34	855.8171738059252	4	40	10	left	left	1	12	16.194	741
2	35	926.6988083252742	4	40	10	left	left	1	14	15.487	904
2	36	520.3903097940213	4	40	10	left	left	1	15	15.89	944
2	37	472.8581984355063	4	40	10	right	right	1	12	15.605	769
2	38	835.1591398243347	4	40	10	left	left	1	12	15.056	797
2	39	397.4039441682335	4	40	10	right	right	1	11	15.827	695
2	40	2047.7817426264191	4	40	10	left	right	0	12	16	750
3	1	863.699775207214	4	40	10	right	left	0	17	15.511	1096
3	2	542.1110873366699	4	40	10	right	right	1	12	15.306	784
3	3	301.88305743029065	4	40	10	right	right	1	11	15.896	692
3	4	1913.1718317484704	4	40	10	right	right	1	10	16.529	605
3	5	518.0869255126255	4	40	10	left	left	1	12	16.129	744
3	6	441.82904476284887	4	40	10	left	right	0	22	15.11	1456
3	7	577.2336535183874	4	40	10	right	right	1	14	15.521	902
3	8	828.1308541869297	4	40	10	left	left	1	11	15.625	704
3	9	438.67500412481536	4	40	10	left	left	1	14	15.504	903
3	10	529.1974024273826	4	40	10	left	right	0	10	16.26	615
3	11	212.1028105242514	4	40	10	left	left	1	11	15.827	695
3	12	1141.233395055614	4	40	10	left	left	1	12	15.094	795
3	13	321.29393768815845	4	40	10	right	right	1	12	16.194	741
3	14	700.2421854867198	4	40	10	right	right	1	21	15.487	1356
3	15	519.023139516664	4	40	10	left	left	1	10	16	625
3	16	1361.8773817749693	4	40	10	left	left	1	9	16.014	562
3	17	264.07058261970735	4	40	10	right	left	0	12	16.086	746
3	18	1677.5882468068742	4	40	10	right	right	1	10	16.207	617
3	19	824.4828165138903	4	40	10	left	left	1	13	15.439	842
3	20	1094.025647250483	4	40	10	right	right	1	9	16.071	560
3	21	399.99621623650233	4	40	10	right	right	1	23	15.082	1525
3	22	422.58246476740874	4	40	10	right	right	1	14	14.925	938
3	23	407.34363785632775	4	40	10	left	left	1	11	15.363	716
3	24	847.9863718101569	4	40	10	right	right	1	11	15.235	722
3	25	1416.4700971430238	4	40	10	left	left	1	9	16.544	544
3	26	384.5882721902843	4	40	10	left	left	1	10	15.267	655
3	27	3427.8330967461247	4	40	10	right	right	1	10	15.649	639
3	28	933.2056387233872	4	40	10	right	right	1	10	15.456	647
3	29	1012.9409126491989	4	40	10	left	left	1	10	15.528	644
3	30	1538.9407746091563	4	40	10	left	left	1	17	15.138	1123
3	31	281.9997110076299	4	40	10	left	left	1	19	15.298	1242
3	32	942.4919015094592	4	40	10	right	right	1	9	15.986	563
3	33	2306.932623635415	4	40	10	left	left	1	14	15.086	928
3	34	274.69701655130933	4	40	10	left	left	1	14	15.038	931
3	35	305.0292442511331	4	40	10	left	left	1	10	14.903	671
3	36	502.9359697600476	4	40	10	right	right	1	10	15.337	652
3	37	248.61363325992585	4	40	10	left	left	1	14	15.608	897
3	38	947.5394625246836	4	40	10	right	right	1	16	15.549	1029
3	39	254.2874228008804	4	40	10	right	right	1	16	15.826	1011
3	40	452.4216289972219	4	40	10	right	right	1	27	15.135	1784
4	1	1850.1512273972508	4	40	10	left	left	1	14	15.402	909
4	2	535.3838851588444	4	40	10	left	left	1	11	15.559	707
4	3	291.05376602899094	4	40	10	left	left	1	10	15.898	629
4	4	1349.4718979224367	4	40	10	right	right	1	14	15.538	901
4	5	1061.5624240002246	4	40	10	right	right	1	9	16.76	537
4	6	302.1710416406528	4	40	10	right	right	1	39	14.925	2613
4	7	729.6639930436183	4	40	10	left	left	1	13	15.892	818
4	8	2473.165734647862	4	40	10	right	right	1	9	16.575	543
4	9	674.6851345139523	4	40	10	left	left	1	13	15.169	857
4	10	972.6768668032138	4	40	10	right	left	0	9	16.484	546
4	11	514.1501280569958	4	40	10	left	left	1	9	15.075	597
4	12	586.9769376197437	4	40	10	right	right	1	18	15.113	1191
4	13	1513.3998579028862	4	40	10	right	left	0	32	15.116	2117
4	14	380.59955529190563	4	40	10	left	left	1	16	14.925	1072
4	15	378.1391423268898	4	40	10	right	right	1	16	15.238	1050
4	16	945.7208927716262	4	40	10	right	right	1	8	15.152	528
4	17	206.69541689733626	4	40	10	left	right	0	27	15.203	1776
4	18	258.9437255576023	4	40	10	right	right	1	11	15.471	711
4	19	1753.28080736221	4	40	10	right	right	1	11	15.919	691
4	20	1313.4503169646082	4	40	10	right	right	1	9	16.698	539
4	21	287.1421900759832	4	40	10	left	left	1	10	15.699	637
4	22	453.71947920593516	4	40	10	left	left	1	7	15.119	463
4	23	288.1603582398488	4	40	10	right	right	1	8	14.981	534
4	24	578.4140041445546	4	40	10	left	left	1	7	16.393	427
4	25	2263.0206946412573	4	40	10	right	right	1	9	16.275	553
4	26	550.7709548606152	4	40	10	right	right	1	8	16.427	487
4	27	351.69216265362854	4	40	10	left	left	1	9	16.071	560
4	28	497.1172912217991	4	40	10	right	right	1	9	16.043	561
4	29	222.89854660176738	4	40	10	left	left	1	15	15.213	986
4	30	701.978517041608	4	40	10	right	right	1	9	15.625	576
4	31	262.8132080585835	4	40	10	left	left	1	15	14.94	1004
4	32	1239.5592147932407	4	40	10	left	left	1	9	16.245	554
4	33	754.3802525953693	4	40	10	left	left	1	9	16.667	540
4	34	521.8885611556029	4	40	10	left	left	1	10	15.038	665
4	35	231.9588212976672	4	40	10	left	left	1	10	15.552	643
4	36	1646.999252127618	4	40	10	left	left	1	10	15.038	665
4	37	767.6855350409883	4	40	10	right	right	1	11	15.965	689
4	38	618.5814288836307	4	40	10	left	left	1	13	15.24	853
4	39	503.46258589847645	4	40	10	right	right	1	13	15.606	833
4	40	916.5504245482814	4	40	10	right	right	1	16	15.267	1048
