
blkNum	trlNum	randomStimulusOnsetTime	coherentDots	numberofDots	percentCoherence	winningDirection	response	correct	eventCount	averageFrameRate	RT
1	1	2618.9191127943545	4	40	10	right	left	0	79	15.184	5203
1	2	203.13893670196288	4	40	10	left	right	0	133	15.2	8750
1	3	223.76781788779272	4	40	10	left	left	1	21	15.487	1356
1	4	562.0292753198325	4	40	10	left	left	1	104	15.211	6837
1	5	1437.6068499230153	4	40	10	left	left	1	23	15.457	1488
1	6	325.85267590085596	4	40	10	right	right	1	41	15.472	2650
1	7	226.18798772884628	4	40	10	left	right	0	145	15.242	9513
1	8	216.8522913906343	4	40	10	left	right	0	33	15.442	2137
1	9	2376.8274281069807	4	40	10	right	left	0	22	15.614	1409
1	10	1232.5517745546529	4	40	10	left	right	0	15	16.146	929
1	11	286.57086749641485	4	40	10	left	left	1	64	15.206	4209
1	12	1795.6491033901063	4	40	10	right	left	0	71	15.351	4625
1	13	735.6940443468101	4	40	10	left	left	1	116	15.271	7596
1	14	398.38600842300326	4	40	10	right	right	1	53	15.398	3442
1	15	610.0600591836842	4	40	10	right	right	1	63	15.262	4128
1	16	213.154758540035	4	40	10	right	right	1	50	15.305	3267
1	17	2227.694983151634	4	40	10	left	right	0	30	15.456	1941
1	18	519.574932339696	4	40	10	right	right	1	72	15.29	4709
1	19	1224.7610283110807	4	40	10	right	right	1	54	15.371	3513
1	20	367.8390040993234	4	40	10	left	right	0	48	15.454	3106
1	21	938.626540394942	4	40	10	right	right	1	128	15.262	8387
1	22	1032.4165516568094	4	40	10	right	right	1	87	15.199	5724
1	23	1099.0445817859388	4	40	10	left	right	0	51	15.394	3313
1	24	2427.7674129833767	4	40	10	right	right	1	41	15.379	2666
1	25	361.27589193741255	4	40	10	left	right	0	70	15.155	4619
1	26	1965.7480165693344	4	40	10	left	right	0	232	15.153	15311
1	27	993.7817726121359	4	40	10	right	right	1	37	15.214	2432
1	28	408.83905199182936	4	40	10	right	right	1	118	15.259	7733
1	29	767.1565137896874	4	40	10	right	right	1	45	15.337	2934
1	30	369.1674425810198	4	40	10	right	right	1	55	15.329	3588
1	31	509.2847667980962	4	40	10	left	right	0	55	15.41	3569
1	32	428.95429953303403	4	40	10	left	left	1	49	15.284	3206
1	33	261.4530236136448	4	40	10	left	right	0	47	15.235	3085
1	34	357.9387103410252	4	40	10	left	left	1	30	15.252	1967
1	35	544.9377480973801	4	40	10	right	right	1	77	15.266	5044
1	36	577.5103674689451	4	40	10	right	right	1	49	15.322	3198
1	37	380.80832192436947	4	40	10	right	right	1	50	15.277	3273
1	38	302.00859852699176	4	40	10	right	right	1	61	15.33	3979
1	39	2061.687240796072	4	40	10	left	left	1	52	15.385	3380
1	40	631.3095789921587	4	40	10	left	left	1	28	15.251	1836
2	1	974.1477871949894	4	40	10	right	right	1	57	15.269	3733
2	2	1049.7037617218143	4	40	10	right	left	0	41	15.27	2685
2	3	636.2970244249336	4	40	10	right	right	1	52	15.444	3367
2	4	431.6937173351556	4	40	10	left	right	0	161	15.182	10605
2	5	1354.2937477820642	4	40	10	right	left	0	42	15.168	2769
2	6	1227.5318876123101	4	40	10	left	right	0	122	15.187	8033
2	7	485.0161396507937	4	40	10	right	left	0	60	15.256	3933
2	8	655.1883265581523	4	40	10	right	left	0	114	15.263	7469
2	9	795.8169168781852	4	40	10	left	left	1	55	15.16	3628
2	10	259.06811593903547	4	40	10	left	left	1	105	15.189	6913
2	11	346.55349530876106	4	40	10	left	left	1	89	15.297	5818
2	12	582.1113605714502	4	40	10	right	left	0	33	15.544	2123
2	13	3002.700334311858	4	40	10	right	left	0	72	15.212	4733
2	14	1193.6380646330726	4	40	10	right	left	0	92	15.229	6041
2	15	205.72325816802004	4	40	10	left	right	0	52	15.214	3418
2	16	357.5050664287064	4	40	10	right	left	0	14	15.625	896
2	17	951.4549975286608	4	40	10	right	right	1	27	15.177	1779
2	18	357.61057764677776	4	40	10	left	right	0	84	15.226	5517
2	19	305.8071682079004	4	40	10	right	left	0	141	15.251	9245
2	20	1885.4036564378364	4	40	10	left	left	1	113	15.172	7448
2	21	892.8331040714462	4	40	10	left	left	1	170	15.158	11215
2	22	1437.685003416833	4	40	10	left	left	1	173	15.199	11382
2	23	259.3058718906085	4	40	10	right	right	1	129	15.164	8507
2	24	1092.4032414919748	4	40	10	left	right	0	97	15.161	6398
2	25	1395.5374126987665	4	40	10	left	right	0	36	15.378	2341
2	26	1233.1931763986636	4	40	10	left	right	0	55	15.231	3611
2	27	493.0013775673114	4	40	10	left	left	1	25	15.763	1586
2	28	605.4538593952435	4	40	10	left	left	1	191	15.189	12575
2	29	1131.6025637369717	4	40	10	right	right	1	133	15.242	8726
2	30	1991.5894500873112	4	40	10	left	right	0	162	15.214	10648
2	31	473.956124452198	4	40	10	right	left	0	101	15.19	6649
2	32	635.3914258819207	4	40	10	right	right	1	18	15.957	1128
2	33	1042.3678334618476	4	40	10	left	left	1	65	15.244	4264
2	34	206.6343698389352	4	40	10	right	right	1	72	15.158	4750
2	35	734.560168971573	4	40	10	left	left	1	96	15.243	6298
2	36	1308.3774850315135	4	40	10	right	left	0	74	15.321	4830
2	37	335.97329627424966	4	40	10	left	right	0	37	15.145	2443
2	38	2062.6842047184787	4	40	10	right	right	1	68	15.346	4431
2	39	414.57094217625325	4	40	10	left	left	1	84	15.292	5493
2	40	2245.4648638271647	4	40	10	right	left	0	174	15.215	11436
3	1	1313.2921727558232	4	40	10	left	left	1	110	15.271	7203
3	2	591.6072201531556	4	40	10	left	left	1	86	15.311	5617
3	3	662.250253078542	4	40	10	left	left	1	116	15.159	7652
3	4	569.8443001317784	4	40	10	left	left	1	86	15.237	5644
3	5	784.011352898875	4	40	10	left	left	1	68	15.367	4425
3	6	473.9925648578451	4	40	10	left	left	1	70	15.224	4598
3	7	204.29411718337536	4	40	10	left	right	0	95	15.266	6223
3	8	2298.930077108569	4	40	10	left	left	1	31	15.369	2017
3	9	1235.9202824671668	4	40	10	left	left	1	87	15.306	5684
3	10	1129.8243926625487	4	40	10	right	left	0	87	15.218	5717
3	11	729.1123233225107	4	40	10	right	left	0	142	15.249	9312
3	12	2053.6960193913696	4	40	10	left	right	0	32	15.216	2103
3	13	1898.103532042994	4	40	10	right	left	0	42	15.157	2771
3	14	244.927822667574	4	40	10	left	left	1	80	15.175	5272
3	15	1955.6130202518525	4	40	10	right	left	0	152	15.246	9970
3	16	582.9332654458149	4	40	10	right	right	1	40	15.456	2588
3	17	304.1293178476436	4	40	10	right	left	0	119	15.233	7812
3	18	1603.679400650722	4	40	10	left	right	0	135	15.196	8884
3	19	372.86019558876296	4	40	10	right	left	0	204	15.171	13447
3	20	633.4566952398889	4	40	10	right	right	1	71	15.292	4643
3	21	1642.184735986426	4	40	10	right	right	1	37	15.397	2403
3	22	449.6712684706081	4	40	10	right	left	0	95	15.249	6230
3	23	351.378778164579	4	40	10	left	left	1	86	15.181	5665
3	24	409.1772021030065	4	40	10	right	right	1	297	15.189	19553
3	25	356.04648859568954	4	40	10	left	right	0	179	15.15	11815
3	26	707.9628544269351	4	40	10	left	left	1	275	15.177	18120
3	27	477.9387497445232	4	40	10	left	left	1	255	15.177	16802
3	28	2631.9445028828814	4	40	10	right	right	1	209	15.169	13778
3	29	2067.302220293075	4	40	10	left	left	1	147	15.188	9679
3	30	883.3898108729227	4	40	10	right	left	0	170	15.207	11179
3	31	325.6352524824913	4	40	10	right	right	1	59	15.345	3845
3	32	744.0448270838232	4	40	10	right	left	0	169	15.231	11096
3	33	403.9025993295277	4	40	10	left	left	1	271	15.197	17832
3	34	2764.286670149756	4	40	10	right	left	0	125	15.257	8193
3	35	686.0901806919062	4	40	10	right	left	0	116	15.179	7642
3	36	826.165879022923	4	40	10	right	right	1	107	15.208	7036
3	37	2362.526388494357	4	40	10	left	left	1	69	15.188	4543
3	38	456.37671590128053	4	40	10	right	right	1	124	15.228	8143
3	39	804.2731348665909	4	40	10	right	left	0	132	15.153	8711
3	40	890.7850607605264	4	40	10	left	right	0	68	15.339	4433
4	1	1709.3269254593863	4	40	10	left	left	1	121	15.167	7978
4	2	2834.180319188411	4	40	10	right	right	1	27	15.544	1737
4	3	1345.3999316170757	4	40	10	left	left	1	117	15.189	7703
4	4	1233.260366281359	4	40	10	right	left	0	63	15.236	4135
4	5	2019.5291079217566	4	40	10	right	right	1	50	15.216	3286
4	6	1086.68609271972	4	40	10	left	left	1	109	15.192	7175
4	7	395.60261952970075	4	40	10	left	right	0	46	15.333	3000
4	8	404.43652238468536	4	40	10	right	left	0	65	15.276	4255
4	9	377.22051702151236	4	40	10	left	left	1	49	15.217	3220
4	10	1389.8995525662247	4	40	10	right	right	1	96	15.192	6319
4	11	680.2150214622466	4	40	10	right	right	1	67	15.276	4386
4	12	1428.2204935397506	4	40	10	left	left	1	86	15.168	5670
4	13	233.24717637082986	4	40	10	left	right	0	73	15.259	4784
4	14	706.3259739970845	4	40	10	right	right	1	108	15.222	7095
4	15	2966.2140356197974	4	40	10	left	left	1	171	15.22	11235
4	16	947.7648483386655	4	40	10	right	right	1	120	15.215	7887
4	17	1031.6288059716512	4	40	10	left	left	1	139	15.225	9130
4	18	584.4785623110442	4	40	10	left	left	1	167	15.232	10964
4	19	739.6058601583541	4	40	10	right	right	1	19	15.237	1247
4	20	549.654713960041	4	40	10	right	left	0	37	15.501	2387
4	21	577.931196637853	4	40	10	left	left	1	125	15.233	8206
4	22	1085.7398414416464	4	40	10	left	left	1	74	15.277	4844
4	23	728.9802008836643	4	40	10	left	left	1	110	15.221	7227
4	24	640.7180772621779	4	40	10	right	left	0	102	15.288	6672
4	25	352.23093588145633	4	40	10	left	right	0	34	15.589	2181
4	26	678.3616705976098	4	40	10	left	left	1	75	15.194	4936
4	27	2028.2755053979106	4	40	10	right	right	1	30	15.385	1950
4	28	2714.0120067746634	4	40	10	right	right	1	182	15.222	11956
4	29	440.3779824818324	4	40	10	right	right	1	31	15.211	2038
4	30	626.1065678664852	4	40	10	right	right	1	37	15.189	2436
4	31	374.6219608904404	4	40	10	right	right	1	33	15.264	2162
4	32	2055.472897667849	4	40	10	left	right	0	16	15.625	1024
4	33	515.1974747888278	4	40	10	left	left	1	70	15.152	4620
4	34	869.6336499213076	4	40	10	right	left	0	21	15.766	1332
4	35	3262.918522789325	4	40	10	right	right	1	40	15.192	2633
4	36	645.6492654879947	4	40	10	left	left	1	54	15.302	3529
4	37	329.28626598425626	4	40	10	right	left	0	62	15.354	4038
4	38	1094.3981195506021	4	40	10	left	right	0	20	15.186	1317
4	39	658.6124991559773	4	40	10	left	left	1	45	15.157	2969
4	40	869.065793432144	4	40	10	right	right	1	62	15.271	4060
