
blkNum	trlNum	randomStimulusOnsetTime	coherentDots	numberofDots	percentCoherence	winningDirection	response	correct	eventCount	averageFrameRate	RT
1	1	411.7281208985846	4	40	10	right	right	1	91	15.177	5996
1	2	210.0864633257747	4	40	10	left	right	0	54	15.367	3514
1	3	285.3473804699734	4	40	10	right	right	1	58	15.295	3792
1	4	948.5473084679486	4	40	10	left	left	1	47	15.415	3049
1	5	2815.197591137555	4	40	10	right	left	0	45	15.322	2937
1	6	1316.3139938954728	4	40	10	right	right	1	56	15.359	3646
1	7	322.99423283631626	4	40	10	left	right	0	41	15.276	2684
1	8	253.21406697884788	4	40	10	right	right	1	23	15.395	1494
1	9	673.3319796147023	4	40	10	left	right	0	37	15.308	2417
1	10	918.5641877570258	4	40	10	right	right	1	49	15.265	3210
1	11	688.3691183426199	4	40	10	right	right	1	15	15.496	968
1	12	1340.7980697876894	4	40	10	right	left	0	54	15.293	3531
1	13	444.1045081886575	4	40	10	right	right	1	27	15.643	1726
1	14	459.92046793515755	4	40	10	left	right	0	27	15.271	1768
1	15	529.9831161739821	4	40	10	right	right	1	41	15.419	2659
1	16	1028.42905042449	4	40	10	left	right	0	38	15.335	2478
1	17	3243.798010881288	4	40	10	left	left	1	59	15.222	3876
1	18	372.92271578324244	4	40	10	left	right	0	56	15.164	3693
1	19	296.45710663576625	4	40	10	left	left	1	37	15.164	2440
1	20	282.49990059127686	4	40	10	left	left	1	71	15.226	4663
1	21	260.61234072865756	4	40	10	right	right	1	60	15.302	3921
1	22	795.8206989587457	4	40	10	left	left	1	51	15.224	3350
1	23	824.1173776580141	4	40	10	left	left	1	70	15.148	4621
1	24	304.7419869581897	4	40	10	left	right	0	26	15.348	1694
1	25	657.8347422091604	4	40	10	right	right	1	45	15.085	2983
1	26	222.04019900145516	4	40	10	right	left	0	67	15.252	4393
1	27	926.1340820575119	4	40	10	left	right	0	56	15.23	3677
1	28	441.0694173329358	4	40	10	right	right	1	59	15.109	3905
1	29	1456.9501991478232	4	40	10	right	right	1	55	15.227	3612
1	30	1294.7628527419704	4	40	10	right	right	1	60	15.283	3926
1	31	743.3993610286245	4	40	10	left	right	0	62	15.222	4073
1	32	658.320687837959	4	40	10	right	right	1	46	15.344	2998
1	33	989.4760417034306	4	40	10	left	left	1	27	15.323	1762
1	34	1937.4221839526201	4	40	10	left	left	1	38	15.329	2479
1	35	1578.591440510022	4	40	10	left	left	1	36	15.228	2364
1	36	760.5871437830624	4	40	10	right	left	0	55	15.265	3603
1	37	309.7010654387164	4	40	10	right	left	0	66	15.288	4317
1	38	412.22861990912037	4	40	10	left	right	0	29	15.152	1914
1	39	262.5592903057031	4	40	10	right	left	0	70	15.284	4580
1	40	424.49865713868496	4	40	10	left	right	0	69	15.118	4564
2	1	435.63463494862265	4	40	10	right	right	1	74	15.264	4848
2	2	221.76623407962094	4	40	10	right	right	1	98	15.281	6413
2	3	206.80247324200928	4	40	10	left	left	1	90	15.252	5901
2	4	264.53365866901197	4	40	10	right	right	1	61	15.058	4051
2	5	376.67972693284605	4	40	10	right	right	1	47	15.127	3107
2	6	664.6743199511623	4	40	10	right	right	1	56	15.317	3656
2	7	1445.0510664065298	4	40	10	right	left	0	84	15.295	5492
2	8	1274.4797611515341	4	40	10	right	right	1	21	15.602	1346
2	9	1164.9146880254998	4	40	10	right	right	1	21	15.251	1377
2	10	1160.3635411714854	4	40	10	right	right	1	45	15.275	2946
2	11	208.7420885647304	4	40	10	left	right	0	66	15.267	4323
2	12	301.8337249765241	4	40	10	left	left	1	42	15.323	2741
2	13	210.40359250048368	4	40	10	left	left	1	22	15.537	1416
2	14	880.8795131875825	4	40	10	right	right	1	13	15.403	844
2	15	907.9191638291566	4	40	10	left	right	0	36	15.183	2371
2	16	1067.043832387375	4	40	10	left	right	0	65	15.201	4276
2	17	2013.4520968275247	4	40	10	right	right	1	14	15.419	908
2	18	2675.5855822748326	4	40	10	left	right	0	30	15.504	1935
2	19	722.0566155069616	4	40	10	right	left	0	43	15.385	2795
2	20	1458.8156457066393	4	40	10	left	right	0	67	15.22	4402
2	21	1284.6717739139197	4	40	10	left	left	1	27	15.135	1784
2	22	1109.5087065936036	4	40	10	left	right	0	37	15.308	2417
2	23	1283.1865276715982	4	40	10	right	right	1	18	15.957	1128
2	24	990.3026852061014	4	40	10	right	right	1	36	15.075	2388
2	25	993.6044804672831	4	40	10	left	right	0	48	15.296	3138
2	26	410.79225607408796	4	40	10	right	left	0	68	15.253	4458
2	27	1782.3446541072335	4	40	10	left	right	0	30	15.44	1943
2	28	646.5701705453025	4	40	10	left	left	1	36	15.145	2377
2	29	297.41769463626764	4	40	10	left	right	0	39	15.246	2558
2	30	449.04630195914797	4	40	10	left	right	0	25	15.451	1618
2	31	796.3239222838124	4	40	10	right	left	0	24	15.544	1544
2	32	617.6876037367936	4	40	10	right	left	0	43	15.275	2815
2	33	959.1350421453009	4	40	10	right	left	0	73	15.262	4783
2	34	1843.5691057811653	4	40	10	left	left	1	96	15.287	6280
2	35	1168.6939182222366	4	40	10	right	left	0	38	15.2	2500
2	36	2056.4882755132367	4	40	10	left	right	0	34	15.329	2218
2	37	1620.3940561950021	4	40	10	right	left	0	40	15.326	2610
2	38	320.9972917700335	4	40	10	left	right	0	17	15.385	1105
2	39	1349.4857619803283	4	40	10	left	left	1	24	15.484	1550
2	40	260.9017128949808	4	40	10	left	left	1	39	15.391	2534
3	1	354.3123555883294	4	40	10	right	right	1	38	15.341	2477
3	2	620.3203057147971	4	40	10	left	right	0	34	15.497	2194
3	3	794.6367875938378	4	40	10	right	right	1	62	15.14	4095
3	4	704.4791069556377	4	40	10	right	right	1	36	15.164	2374
3	5	2323.008137321596	4	40	10	right	left	0	25	15.216	1643
3	6	201.54380847677317	4	40	10	right	right	1	23	15.764	1459
3	7	326.8072143861123	4	40	10	left	right	0	26	15.532	1674
3	8	1646.8165466365747	4	40	10	right	left	0	21	15.648	1342
3	9	405.4524048495786	4	40	10	left	right	0	53	15.178	3492
3	10	359.00916603489713	4	40	10	left	right	0	23	15.092	1524
3	11	406.46201147732785	4	40	10	right	right	1	18	15.957	1128
3	12	1223.5176031295732	4	40	10	left	right	0	21	15.672	1340
3	13	694.1717477751725	4	40	10	right	left	0	34	15.336	2217
3	14	2281.717473685305	4	40	10	left	right	0	53	15.336	3456
3	15	1872.402162186606	4	40	10	right	right	1	30	15.152	1980
3	16	3255.447545566781	4	40	10	left	left	1	36	15.371	2342
3	17	1318.8195740277506	4	40	10	left	right	0	39	15.128	2578
3	18	741.634317782448	4	40	10	left	right	0	59	15.365	3840
3	19	2285.2796652216525	4	40	10	right	right	1	24	15.171	1582
3	20	203.9076372148738	4	40	10	right	right	1	23	15.242	1509
3	21	2889.924316145649	4	40	10	left	left	1	17	15.247	1115
3	22	1407.766054167797	4	40	10	right	right	1	34	15.441	2202
3	23	299.76469835125073	4	40	10	left	right	0	30	15.353	1954
3	24	288.80715079933174	4	40	10	right	right	1	15	15.544	965
3	25	238.54200542876313	4	40	10	left	right	0	37	15.145	2443
3	26	311.8931134894858	4	40	10	right	left	0	19	15.926	1193
3	27	344.693284403363	4	40	10	left	right	0	23	15.721	1463
3	28	297.49940802881366	4	40	10	right	right	1	11	15.007	733
3	29	2165.470611150916	4	40	10	right	right	1	38	15.435	2462
3	30	1011.8250313565076	4	40	10	left	right	0	33	15.356	2149
3	31	1379.7696399708425	4	40	10	left	right	0	18	15.652	1150
3	32	751.8370508774816	4	40	10	right	right	1	19	15.02	1265
3	33	246.87285021251938	4	40	10	left	left	1	19	15.677	1212
3	34	334.8613445307126	4	40	10	right	left	0	65	15.194	4278
3	35	574.6974517444385	4	40	10	right	left	0	16	15.18	1054
3	36	883.3924409606358	4	40	10	left	right	0	43	15.396	2793
3	37	981.977557082614	4	40	10	left	left	1	22	15.515	1418
3	38	591.1752859518934	4	40	10	right	left	0	21	15.317	1371
3	39	1372.0918943943116	4	40	10	left	right	0	14	15.504	903
3	40	1546.2312438752517	4	40	10	left	left	1	28	15.547	1801
4	1	500.38365787113025	4	40	10	left	right	0	25	15.576	1605
4	2	1000.7899253416597	4	40	10	left	right	0	15	15.89	944
4	3	767.8180275688435	4	40	10	left	right	0	14	15.267	917
4	4	270.017249309039	4	40	10	left	left	1	29	15.442	1878
4	5	460.28536526228675	4	40	10	right	right	1	23	15.182	1515
4	6	1126.756543455631	4	40	10	left	right	0	63	15.181	4150
4	7	449.6183066008333	4	40	10	left	right	0	31	15.189	2041
4	8	575.0107464948335	4	40	10	left	right	0	12	15.094	795
4	9	1158.188395220069	4	40	10	left	left	1	20	15.748	1270
4	10	1647.832353605241	4	40	10	right	left	0	20	15.232	1313
4	11	996.2964240917969	4	40	10	right	left	0	33	15.131	2181
4	12	577.589927870058	4	40	10	right	right	1	62	15.148	4093
4	13	1078.043532627881	4	40	10	left	left	1	41	15.118	2712
4	14	792.2347991272412	4	40	10	right	right	1	42	15.301	2745
4	15	279.5495801036362	4	40	10	right	right	1	14	15.855	883
4	16	1899.411620576828	4	40	10	left	right	0	71	15.216	4666
4	17	528.6370896441579	4	40	10	right	left	0	29	15.152	1914
4	18	250.15401808664512	4	40	10	right	right	1	68	15.111	4500
4	19	310.6855054482523	4	40	10	left	left	1	81	15.197	5330
4	20	596.8762673026678	4	40	10	left	left	1	29	15.175	1911
4	21	1592.7662076354873	4	40	10	right	left	0	34	15.138	2246
4	22	2370.8670808103443	4	40	10	right	right	1	24	15.085	1591
4	23	488.26614793521287	4	40	10	left	left	1	49	15.293	3204
4	24	1487.2601355819104	4	40	10	right	right	1	36	15.504	2322
4	25	788.1206571554106	4	40	10	left	left	1	32	15.326	2088
4	26	1466.0448393846043	4	40	10	right	left	0	69	15.313	4506
4	27	327.6114419508427	4	40	10	right	right	1	34	15.219	2234
4	28	1014.040018807718	4	40	10	right	right	1	33	15.145	2179
4	29	413.75864128270507	4	40	10	left	left	1	33	15.529	2125
4	30	1301.0273751085144	4	40	10	left	right	0	27	15.437	1749
4	31	803.6737863919119	4	40	10	right	left	0	47	15.152	3102
4	32	1296.4204979850913	4	40	10	right	right	1	51	15.238	3347
4	33	1240.5996980009993	4	40	10	right	right	1	32	15.059	2125
4	34	614.5769241357859	4	40	10	right	right	1	32	15.238	2100
4	35	310.00251347817164	4	40	10	left	right	0	20	15.504	1290
4	36	1637.3880639461543	4	40	10	right	right	1	95	15.232	6237
4	37	620.1174790614116	4	40	10	left	left	1	41	15.276	2684
4	38	1143.7526288463796	4	40	10	left	left	1	51	15.192	3357
4	39	2346.383871101823	4	40	10	right	right	1	129	15.182	8497
4	40	696.6369602629932	4	40	10	left	right	0	55	15.202	3618
