
blkNum	trlNum	randomStimulusOnsetTime	coherentDots	numberofDots	percentCoherence	winningDirection	response	correct	eventCount	averageFrameRate	RT
1	1	487.06295981997516	4	40	10	right	right	1	23	14.993	1534
1	2	827.9025306477275	4	40	10	right	right	1	24	15.104	1589
1	3	420.6503260435174	4	40	10	right	left	0	31	15.049	2060
1	4	1661.887111240038	4	40	10	left	left	1	28	14.997	1867
1	5	345.37262063536417	4	40	10	left	left	1	29	15.352	1889
1	6	2466.1936073590796	4	40	10	right	right	1	22	14.986	1468
1	7	834.0873893889874	4	40	10	left	left	1	33	14.952	2207
1	8	3584.597498144865	4	40	10	right	right	1	26	15.187	1712
1	9	1200.8664349314008	4	40	10	left	left	1	22	15.11	1456
1	10	641.1371550240844	4	40	10	left	left	1	25	15.253	1639
1	11	1821.5857071550774	4	40	10	right	right	1	17	15.233	1116
1	12	742.3142458384384	4	40	10	left	left	1	21	15.152	1386
1	13	557.8079209562345	4	40	10	left	left	1	24	14.972	1603
1	14	337.38673543810313	4	40	10	left	left	1	13	15.187	856
1	15	1418.6302774798	4	40	10	left	left	1	15	15.658	958
1	16	542.3561490012778	4	40	10	left	left	1	26	14.96	1738
1	17	255.0604948036792	4	40	10	right	right	1	12	16.043	748
1	18	491.75033745537354	4	40	10	left	right	0	19	14.914	1274
1	19	2637.3263038839655	4	40	10	right	right	1	20	15.396	1299
1	20	482.8536704215473	4	40	10	right	right	1	14	15.521	902
1	21	247.54113590727258	4	40	10	left	left	1	20	15.314	1306
1	22	619.0680271271569	4	40	10	right	right	1	14	15.402	909
1	23	233.70004990621004	4	40	10	right	right	1	11	15.299	719
1	24	2451.432616491486	4	40	10	right	right	1	16	15.702	1019
1	25	1643.7488193497634	4	40	10	right	right	1	12	15.306	784
1	26	1046.170237456844	4	40	10	right	right	1	34	15.098	2252
1	27	395.10052335815743	4	40	10	left	left	1	18	15.025	1198
1	28	418.99290749910676	4	40	10	left	left	1	16	15.18	1054
1	29	1173.415034285454	4	40	10	left	left	1	12	15.404	779
1	30	1216.7674984066248	4	40	10	right	right	1	11	16.082	684
1	31	610.6851143559329	4	40	10	right	right	1	14	15.301	915
1	32	216.1846674728757	4	40	10	left	left	1	13	15.33	848
1	33	449.19343922481255	4	40	10	left	left	1	10	15.848	631
1	34	1082.599525814656	4	40	10	left	right	0	10	15.106	662
1	35	1182.549565882368	4	40	10	left	left	1	14	15.59	898
1	36	1042.1669778574405	4	40	10	right	right	1	14	14.989	934
1	37	858.1712186234339	4	40	10	right	right	1	11	16.2	679
1	38	1492.064600294484	4	40	10	left	left	1	17	15.247	1115
1	39	376.0388636933137	4	40	10	right	right	1	18	15.19	1185
1	40	407.0672615228438	4	40	10	right	right	1	26	14.968	1737
2	1	1674.3536708185154	4	40	10	left	left	1	25	15.069	1659
2	2	251.41479286414366	4	40	10	right	right	1	14	15.005	933
2	3	229.4866887267654	4	40	10	left	left	1	14	15.436	907
2	4	631.2526436837466	4	40	10	right	right	1	20	15.42	1297
2	5	219.35390517695205	4	40	10	left	left	1	14	14.973	935
2	6	225.1124600102641	4	40	10	right	right	1	10	16.234	616
2	7	489.217507905145	4	40	10	left	left	1	14	15.504	903
2	8	1225.4542692908738	4	40	10	right	right	1	24	15.306	1568
2	9	208.09725121753752	4	40	10	right	right	1	13	15.33	848
2	10	701.566953882559	4	40	10	right	right	1	10	14.993	667
2	11	990.4824335148571	4	40	10	left	left	1	15	15.337	978
2	12	285.02088656828863	4	40	10	left	right	0	26	15.303	1699
2	13	1606.2267510551205	4	40	10	left	left	1	22	15.471	1422
2	14	1153.9422811788495	4	40	10	left	left	1	14	15.021	932
2	15	544.7742205150835	4	40	10	left	left	1	10	15.244	656
2	16	820.4533572229408	4	40	10	left	left	1	16	15.686	1020
2	17	458.9567339899073	4	40	10	right	right	1	15	15.259	983
2	18	206.4230736076249	4	40	10	left	left	1	11	15.581	706
2	19	703.4764343483246	4	40	10	left	left	1	14	15.819	885
2	20	1588.9630954921183	4	40	10	right	right	1	14	15.086	928
2	21	875.5081037598494	4	40	10	left	left	1	13	15.24	853
2	22	245.3772710721977	4	40	10	left	left	1	11	16.129	682
2	23	1373.6748754264847	4	40	10	left	left	1	11	15.896	692
2	24	501.9334568554316	4	40	10	right	right	1	17	15.568	1092
2	25	866.2305287240694	4	40	10	left	left	1	11	15.152	726
2	26	1019.8607504763876	4	40	10	left	left	1	11	15.692	701
2	27	1262.5607391680073	4	40	10	left	right	0	15	15.464	970
2	28	1379.960395242805	4	40	10	right	right	1	16	15.311	1045
2	29	890.9129998057207	4	40	10	right	right	1	23	15.212	1512
2	30	233.09771575632013	4	40	10	right	right	1	15	15.136	991
2	31	1340.9129302163497	4	40	10	right	left	0	21	15.306	1372
2	32	1796.5328955473847	4	40	10	right	right	1	14	15.021	932
2	33	1064.8225592451377	4	40	10	right	right	1	15	15.244	984
2	34	1056.6260156736512	4	40	10	right	right	1	14	15.351	912
2	35	848.0683273988922	4	40	10	right	right	1	17	15.179	1120
2	36	579.0606057428051	4	40	10	right	right	1	23	15.405	1493
2	37	723.4394969925468	4	40	10	right	right	1	11	16.105	683
2	38	842.1946283707745	4	40	10	left	right	0	10	16	625
2	39	1158.6177431143299	4	40	10	left	left	1	14	15.184	922
2	40	512.9668687785854	4	40	10	right	right	1	13	15.33	848
3	1	1712.7808816891197	4	40	10	left	left	1	18	15.345	1173
3	2	2016.4930429061424	4	40	10	right	right	1	15	15.369	976
3	3	368.18174679842537	4	40	10	left	left	1	17	15.071	1128
3	4	301.10202509311193	4	40	10	left	left	1	13	15.276	851
3	5	791.1547163810015	4	40	10	left	left	1	9	14.975	601
3	6	581.0563649513315	4	40	10	right	right	1	15	15.789	950
3	7	572.8139639556779	4	40	10	left	left	1	11	15.428	713
3	8	627.3000451635644	4	40	10	right	right	1	14	15.521	902
3	9	220.38548733566577	4	40	10	right	right	1	20	15.625	1280
3	10	710.5684114508165	4	40	10	left	left	1	19	15.447	1230
3	11	649.7320207196897	4	40	10	right	right	1	11	15.827	695
3	12	369.8578596740542	4	40	10	right	right	1	18	15.306	1176
3	13	376.72403469373137	4	40	10	right	right	1	12	15.113	794
3	14	381.89592650023474	4	40	10	right	right	1	16	15.224	1051
3	15	331.25056476498924	4	40	10	right	left	0	16	15.08	1061
3	16	546.8523618960457	4	40	10	right	right	1	10	15.456	647
3	17	426.9367670336504	4	40	10	left	left	1	20	15.528	1288
3	18	696.3091783933304	4	40	10	left	left	1	13	15.495	839
3	19	1586.8582743686231	4	40	10	left	left	1	16	15.64	1023
3	20	897.4838702783676	4	40	10	right	right	1	11	15.131	727
3	21	845.1459393285592	4	40	10	left	right	0	12	15.248	787
3	22	214.38109283686939	4	40	10	right	left	0	20	15.038	1330
3	23	2301.3913052915814	4	40	10	right	right	1	13	15.912	817
3	24	1267.4615517274758	4	40	10	right	left	0	36	15.319	2350
3	25	2987.8950781080625	4	40	10	right	right	1	21	15.284	1374
3	26	382.59475992113744	4	40	10	right	right	1	13	15.873	819
3	27	267.0944124391009	4	40	10	right	right	1	12	16.021	749
3	28	2593.900761647196	4	40	10	left	left	1	15	15	1000
3	29	599.7996115579659	4	40	10	left	left	1	19	15.31	1241
3	30	508.53376486647926	4	40	10	left	left	1	13	15.834	821
3	31	1186.4974489296114	4	40	10	left	left	1	13	15.513	838
3	32	238.04551737239586	4	40	10	left	left	1	12	15.267	786
3	33	974.4321257952673	4	40	10	left	left	1	11	16.153	681
3	34	486.32684467512405	4	40	10	left	left	1	10	16.234	616
3	35	1644.1049411288063	4	40	10	left	left	1	29	15.104	1920
3	36	215.63626056682415	4	40	10	right	right	1	26	15.249	1705
3	37	815.9083628367706	4	40	10	right	right	1	19	15.498	1226
3	38	1226.5784962494108	4	40	10	left	left	1	20	15.349	1303
3	39	941.6259490330633	4	40	10	left	right	0	29	15.36	1888
3	40	884.678569860834	4	40	10	right	left	0	44	15.193	2896
4	1	2925.9713190682724	4	40	10	left	left	1	22	15.193	1448
4	2	533.5561025248289	4	40	10	left	left	1	18	15.371	1171
4	3	676.6555336055166	4	40	10	right	right	1	24	14.963	1604
4	4	381.941065235765	4	40	10	right	right	1	23	15.262	1507
4	5	288.17685351814	4	40	10	right	right	1	13	15.912	817
4	6	444.0314749031405	4	40	10	left	left	1	20	15.015	1332
4	7	498.81513289522746	4	40	10	left	right	0	18	15.126	1190
4	8	852.204672270084	4	40	10	left	left	1	16	15.549	1029
4	9	204.8645619194948	4	40	10	left	left	1	22	15.482	1421
4	10	783.5578630064336	4	40	10	right	right	1	13	15.476	840
4	11	1728.9113748253862	4	40	10	left	left	1	12	15.152	792
4	12	2015.8072876798665	4	40	10	right	right	1	13	15.169	857
4	13	1023.4934242219838	4	40	10	right	left	0	25	15.3	1634
4	14	269.06397246609924	4	40	10	left	left	1	15	15.576	963
4	15	634.2540828428566	4	40	10	left	right	0	16	15.414	1038
4	16	424.86496304459325	4	40	10	left	left	1	15	15.121	992
4	17	428.2498669434199	4	40	10	right	right	1	14	15.695	892
4	18	438.420726654055	4	40	10	left	left	1	27	15.358	1758
4	19	2672.9672572720215	4	40	10	left	left	1	21	15.567	1349
4	20	1978.7348961093246	4	40	10	left	right	0	21	15.021	1398
4	21	1687.6154981958712	4	40	10	left	left	1	16	15.579	1027
4	22	292.17898261666005	4	40	10	right	right	1	12	15.228	788
4	23	778.0655590778582	4	40	10	right	right	1	16	15.534	1030
4	24	362.5852469095466	4	40	10	right	right	1	16	15.702	1019
4	25	321.50278978194365	4	40	10	right	right	1	14	15.453	906
4	26	1327.7917136885885	4	40	10	left	left	1	13	15.458	841
4	27	2885.488441904007	4	40	10	right	right	1	16	15.195	1053
4	28	385.71918640214625	4	40	10	left	right	0	15	15.756	952
4	29	1564.8440605147864	4	40	10	left	left	1	13	15.719	827
4	30	1426.2871024982962	4	40	10	right	right	1	12	16	750
4	31	1083.536707185267	4	40	10	right	right	1	9	15.28	589
4	32	292.7120699012481	4	40	10	right	right	1	9	15.306	588
4	33	395.8789016376477	4	40	10	right	left	0	12	15.019	799
4	34	631.6916727381231	4	40	10	right	left	0	15	15.091	994
4	35	2511.100690957949	4	40	10	left	left	1	47	15.021	3129
4	36	630.940752143494	4	40	10	right	left	0	13	14.994	867
4	37	4100.100989612765	4	40	10	left	left	1	34	15.098	2252
4	38	1876.8724746292974	4	40	10	left	left	1	38	15.304	2483
4	39	2469.2090029892747	4	40	10	right	right	1	21	15.396	1364
4	40	1161.021690210315	4	40	10	right	right	1	11	15.278	720
