
blkNum	trlNum	randomStimulusOnsetTime	coherentDots	numberofDots	percentCoherence	winningDirection	response	correct	eventCount	averageFrameRate	RT
1	1	1964.143888665466	4	40	10	left	right	0	66	15.141	4359
1	2	679.7469526779055	4	40	10	left	right	0	24	15.615	1537
1	3	200.88419974070803	4	40	10	left	left	1	13	15.99	813
1	4	349.41603881970065	4	40	10	right	right	1	18	15.762	1142
1	5	257.1012804463185	4	40	10	left	right	0	31	15.586	1989
1	6	240.48594270744394	4	40	10	left	left	1	23	15.509	1483
1	7	2298.2248766602474	4	40	10	right	right	1	22	15.614	1409
1	8	317.0734537405033	4	40	10	right	left	0	15	16.181	927
1	9	300.4673307984543	4	40	10	right	right	1	19	15.86	1198
1	10	764.200029296945	4	40	10	left	left	1	26	15.178	1713
1	11	832.1088861642918	4	40	10	left	left	1	14	16.148	867
1	12	480.1781852511067	4	40	10	right	right	1	30	15.129	1983
1	13	472.89288014166505	4	40	10	right	left	0	29	15.247	1902
1	14	423.35872806846237	4	40	10	left	right	0	15	16.164	928
1	15	208.8353282970535	4	40	10	right	left	0	28	15.487	1808
1	16	549.1306213787022	4	40	10	right	left	0	13	15.312	849
1	17	846.8526201890912	4	40	10	right	right	1	15	16.146	929
1	18	210.11536797380927	4	40	10	right	right	1	13	15.458	841
1	19	291.27276424818916	4	40	10	left	right	0	14	15.119	926
1	20	268.1121290535847	4	40	10	left	left	1	14	15.317	914
1	21	448.36116545959464	4	40	10	right	left	0	16	15.385	1040
1	22	718.2218114048065	4	40	10	left	right	0	10	16.694	599
1	23	1175.5685306925084	4	40	10	right	right	1	18	15.611	1153
1	24	1123.5163527740992	4	40	10	right	right	1	11	16.32	674
1	25	231.252251651853	4	40	10	left	left	1	22	15.183	1449
1	26	369.9097580839839	4	40	10	left	left	1	16	16.08	995
1	27	562.2049749233829	4	40	10	right	left	0	20	15.152	1320
1	28	503.26905331238686	4	40	10	left	left	1	24	15.574	1541
1	29	389.2800234393192	4	40	10	right	right	1	17	15.611	1089
1	30	408.38524087589917	4	40	10	right	right	1	29	15.287	1897
1	31	249.07843964778237	4	40	10	right	left	0	26	15.71	1655
1	32	478.86169232820936	4	40	10	left	right	0	11	15.647	703
1	33	560.759839256372	4	40	10	right	left	0	21	15.228	1379
1	34	273.01749609319046	4	40	10	right	right	1	12	15.306	784
1	35	370.5827821224084	4	40	10	left	left	1	22	15.692	1402
1	36	555.0155942386218	4	40	10	left	right	0	11	15.385	715
1	37	297.5982765962366	4	40	10	left	right	0	26	15.267	1703
1	38	472.44329146498006	4	40	10	left	left	1	11	16.153	681
1	39	1395.3573261222862	4	40	10	right	left	0	9	15.203	592
1	40	648.7756331374837	4	40	10	left	left	1	23	15.625	1472
2	1	543.0118267046946	4	40	10	right	left	0	30	15.175	1977
2	2	214.13009082843348	4	40	10	right	left	0	10	15.456	647
2	3	718.9380357326619	4	40	10	right	right	1	10	16.313	613
2	4	480.24098617695734	4	40	10	left	right	0	8	16.194	494
2	5	446.80488144568267	4	40	10	left	left	1	15	15.924	942
2	6	204.3183686616272	4	40	10	left	left	1	22	15.726	1399
2	7	1092.9276704659162	4	40	10	left	right	0	14	16	875
2	8	1012.9856482452714	4	40	10	left	right	0	13	15.495	839
2	9	488.2778884977819	4	40	10	left	left	1	17	15.525	1095
2	10	1666.8499312842425	4	40	10	right	right	1	21	15.228	1379
2	11	247.56929095580165	4	40	10	left	left	1	20	15.835	1263
2	12	1405.854801742828	4	40	10	right	right	1	18	15.707	1146
2	13	492.05946894129323	4	40	10	left	right	0	26	15.56	1671
2	14	1006.3690220696943	4	40	10	left	left	1	9	16.854	534
2	15	2678.595071748927	4	40	10	left	left	1	30	15.464	1940
2	16	1019.3527857780037	4	40	10	left	right	0	28	15.251	1836
2	17	1135.2431388195207	4	40	10	right	left	0	14	15.436	907
2	18	627.075380674791	4	40	10	left	right	0	17	15.247	1115
2	19	1465.898598182227	4	40	10	right	left	0	14	15.837	884
2	20	578.7257127044143	4	40	10	right	left	0	25	15.654	1597
2	21	556.9056992623789	4	40	10	right	left	0	29	15.376	1886
2	22	582.0330360672052	4	40	10	left	right	0	19	15.397	1234
2	23	241.1693422252087	4	40	10	right	right	1	29	15.417	1881
2	24	500.26489481967457	4	40	10	left	left	1	15	15.773	951
2	25	395.46153607979693	4	40	10	right	right	1	21	15.778	1331
2	26	466.67183500354054	4	40	10	right	right	1	22	15.46	1423
2	27	532.9560044396492	4	40	10	left	left	1	26	15.541	1673
2	28	534.8685253523108	4	40	10	right	right	1	20	15.385	1300
2	29	1444.662510219663	4	40	10	right	right	1	26	15.616	1665
2	30	1603.2789661538634	4	40	10	left	left	1	23	15.499	1484
2	31	870.5602349505267	4	40	10	left	left	1	24	15.534	1545
2	32	1211.6501208167701	4	40	10	right	right	1	24	15.779	1521
2	33	815.1510100374674	4	40	10	left	left	1	31	15.431	2009
2	34	392.9278681084494	4	40	10	right	right	1	14	15.284	916
2	35	665.5153388361399	4	40	10	right	right	1	44	15.193	2896
2	36	280.2529184562936	4	40	10	right	right	1	22	15.816	1391
2	37	706.4158466293541	4	40	10	right	right	1	24	15.464	1552
2	38	381.5423146806712	4	40	10	right	right	1	47	15.44	3044
2	39	1028.0627832517166	4	40	10	left	left	1	25	15.442	1619
2	40	578.6349297757598	4	40	10	left	left	1	20	15.221	1314
3	1	347.8730669862868	4	40	10	left	left	1	31	15.324	2023
3	2	961.8724876858402	4	40	10	left	left	1	21	15.579	1348
3	3	583.4832200732101	4	40	10	right	right	1	20	15.326	1305
3	4	254.70229963372688	4	40	10	left	left	1	17	15.596	1090
3	5	733.4364776924514	4	40	10	right	right	1	15	15.448	971
3	6	1541.9015339958464	4	40	10	right	right	1	22	15.482	1421
3	7	814.1883330779564	4	40	10	right	right	1	27	15.634	1727
3	8	846.2999842735557	4	40	10	right	right	1	25	15.375	1626
3	9	332.7921627642169	4	40	10	right	left	0	45	15.146	2971
3	10	797.7099304008502	4	40	10	left	left	1	19	15.82	1201
3	11	1177.061658953291	4	40	10	left	left	1	13	16.109	807
3	12	203.98450348935194	4	40	10	left	left	1	20	15.291	1308
3	13	733.6728693373204	4	40	10	right	right	1	12	15.113	794
3	14	422.076338472458	4	40	10	right	right	1	22	15.417	1427
3	15	727.3029598443325	4	40	10	right	left	0	16	15.625	1024
3	16	1538.4139332235522	4	40	10	left	left	1	18	15.385	1170
3	17	254.26210019240995	4	40	10	right	right	1	16	15.795	1013
3	18	249.5624438343768	4	40	10	right	right	1	26	15.569	1670
3	19	640.4794073475521	4	40	10	left	left	1	13	15.55	836
3	20	297.1572551619535	4	40	10	right	right	1	19	15.523	1224
3	21	606.2793046607467	4	40	10	right	right	1	54	15.284	3533
3	22	2027.9820931761174	4	40	10	right	right	1	24	15.494	1549
3	23	1162.9400646686836	4	40	10	right	right	1	29	15.401	1883
3	24	1018.4987687507911	4	40	10	right	left	0	21	15.742	1334
3	25	799.5530936049121	4	40	10	right	right	1	31	15.271	2030
3	26	522.6846753011923	4	40	10	left	right	0	13	15.951	815
3	27	1106.4153369842165	4	40	10	left	left	1	57	15.351	3713
3	28	280.0593262635126	4	40	10	left	left	1	3	19.608	153
3	29	1116.4648815647206	4	40	10	right	right	1	20	15.468	1293
3	30	930.2080086890429	4	40	10	left	left	1	17	15.343	1108
3	31	505.94990288800756	4	40	10	left	right	0	74	15.311	4833
3	32	2573.807284518538	4	40	10	left	left	1	22	15.759	1396
3	33	554.1525936971664	4	40	10	right	right	1	18	15.873	1134
3	34	1081.1792121435153	4	40	10	left	left	1	16	15.984	1001
3	35	385.04167914832635	4	40	10	right	right	1	16	15.889	1007
3	36	3108.8996314844935	4	40	10	left	left	1	18	15.707	1146
3	37	259.2490277839893	4	40	10	left	left	1	59	15.317	3852
3	38	372.4985473589728	4	40	10	left	left	1	25	15.337	1630
3	39	682.5761478069168	4	40	10	left	left	1	46	15.421	2983
3	40	967.4242292236988	4	40	10	left	right	0	19	15.152	1254
4	1	1431.8234126648126	4	40	10	right	right	1	17	15.138	1123
4	2	573.3439881398251	4	40	10	right	right	1	14	16.11	869
4	3	592.7931753619328	4	40	10	left	left	1	21	15.43	1361
4	4	439.57957150439546	4	40	10	left	left	1	25	15.133	1652
4	5	819.9518516835263	4	40	10	right	right	1	34	15.504	2193
4	6	437.42244348836084	4	40	10	left	left	1	41	15.356	2670
4	7	448.76172111975916	4	40	10	right	right	1	17	15.525	1095
4	8	775.4106069110042	4	40	10	left	left	1	16	15.671	1021
4	9	744.8824089630529	4	40	10	right	right	1	19	15.833	1200
4	10	238.15216981502334	4	40	10	left	left	1	20	15.686	1275
4	11	481.7218464746342	4	40	10	left	left	1	20	15.267	1310
4	12	588.1574974466411	4	40	10	right	right	1	17	15.977	1064
4	13	1686.4945943467471	4	40	10	left	left	1	16	15.968	1002
4	14	654.875112986127	4	40	10	right	right	1	13	16.373	794
4	15	601.620772108485	4	40	10	left	left	1	12	15.345	782
4	16	665.0159934692149	4	40	10	left	left	1	26	15.285	1701
4	17	503.4845027912925	4	40	10	left	left	1	39	15.421	2529
4	18	206.6831761138632	4	40	10	left	left	1	14	16.241	862
4	19	677.8875539012453	4	40	10	right	right	1	15	15.789	950
4	20	1930.2913100426788	4	40	10	right	right	1	17	15.539	1094
4	21	320.19305016540113	4	40	10	left	left	1	13	16.291	798
4	22	371.7671333742859	4	40	10	left	left	1	15	15.576	963
4	23	246.53239047931163	4	40	10	left	left	1	22	15.614	1409
4	24	1225.9455801487948	4	40	10	right	right	1	107	15.197	7041
4	25	1016.8929647741919	4	40	10	left	left	1	17	15.843	1073
4	26	528.1546398504113	4	40	10	left	left	1	46	15.333	3000
4	27	836.7299428128339	4	40	10	right	right	1	25	15.625	1600
4	28	731.6726518484779	4	40	10	right	right	1	14	16.129	868
4	29	473.0345837011954	4	40	10	left	left	1	13	15.796	823
4	30	363.5534635913511	4	40	10	right	right	1	16	15.686	1020
4	31	239.1105559315729	4	40	10	right	right	1	14	15.351	912
4	32	424.56742609039935	4	40	10	right	right	1	30	15.283	1963
4	33	1677.7584061082225	4	40	10	left	left	1	18	15.972	1127
4	34	1471.6250455989466	4	40	10	right	right	1	66	15.172	4350
4	35	633.9486499812488	4	40	10	right	right	1	12	15.686	765
4	36	1109.9469868509696	4	40	10	left	left	1	17	15.497	1097
4	37	2039.4369322567668	4	40	10	left	left	1	22	15.204	1447
4	38	312.8324755251846	4	40	10	right	right	1	19	15.36	1237
4	39	206.438801354306	4	40	10	right	right	1	23	15.467	1487
4	40	902.6937165049036	4	40	10	right	right	1	35	15.556	2250
