
blkNum	trlNum	randomStimulusOnsetTime	coherentDots	numberofDots	percentCoherence	winningDirection	response	correct	eventCount	averageFrameRate	RT
1	1	964.1738743282898	4	40	10	right	left	0	44	13.249	3321
1	2	454.5841318406424	4	40	10	left	left	1	65	12.938	5024
1	3	251.2261618303711	4	40	10	left	left	1	15	13.31	1127
1	4	413.1360465919219	4	40	10	left	left	1	6	12.959	463
1	5	616.3594980610444	4	40	10	right	left	0	7	14.085	497
1	6	474.92842081027976	4	40	10	left	left	1	18	13.015	1383
1	7	238.00454992191058	4	40	10	left	left	1	33	13.29	2483
1	8	271.2528269763637	4	40	10	left	left	1	23	12.987	1771
1	9	630.5857232896344	4	40	10	right	left	0	23	13.128	1752
1	10	2851.8689932466914	4	40	10	right	left	0	9	14.423	624
1	11	2261.5287579850656	4	40	10	right	left	0	8	14.035	570
1	12	525.8124930410534	4	40	10	left	left	1	18	13.514	1332
1	13	285.22472238520095	4	40	10	right	left	0	38	13.122	2896
1	14	433.4799501246963	4	40	10	right	left	0	28	12.963	2160
1	15	473.25977015688267	4	40	10	right	left	0	17	13.524	1257
1	16	1130.3109093340502	4	40	10	right	left	0	40	13.18	3035
1	17	488.86964202172675	4	40	10	right	left	0	8	13.889	576
1	18	272.38431338573935	4	40	10	right	left	0	19	13.399	1418
1	19	225.9205350323135	4	40	10	left	left	1	9	13.413	671
1	20	1652.4250408835185	4	40	10	left	left	1	10	13.889	720
1	21	1077.2320127487008	4	40	10	left	left	1	25	12.913	1936
1	22	2818.375375928529	4	40	10	left	left	1	12	13.423	894
1	23	274.61605479847356	4	40	10	right	left	0	18	13.363	1347
1	24	1048.9304227184903	4	40	10	left	left	1	8	14.311	559
1	25	677.5111539404584	4	40	10	left	left	1	17	13.546	1255
1	26	694.0979013915974	4	40	10	right	left	0	15	13.345	1124
1	27	1152.6504280027448	4	40	10	right	left	0	11	12.926	851
1	28	957.3867768549557	4	40	10	right	left	0	35	13.203	2651
1	29	602.245111638955	4	40	10	right	left	0	37	12.914	2865
1	30	482.21877642705914	4	40	10	right	left	0	15	13.761	1090
1	31	225.10655834593732	4	40	10	left	left	1	67	12.937	5179
1	32	239.38241659382794	4	40	10	right	left	0	68	12.903	5270
1	33	340.3147120097716	4	40	10	right	left	0	80	12.914	6195
1	34	671.417226807139	4	40	10	left	left	1	76	13.014	5840
1	35	1576.6657765111988	4	40	10	left	left	1	81	12.908	6275
1	36	1314.2694605840309	4	40	10	left	left	1	86	12.934	6649
1	37	825.9063277913142	4	40	10	right	left	0	47	12.955	3628
1	38	609.5636085335128	4	40	10	left	left	1	68	12.911	5267
1	39	1606.5600493968163	4	40	10	left	left	1	63	13.011	4842
1	40	1556.5306372374594	4	40	10	left	left	1	54	13.015	4149
2	1	1214.4102976835502	4	40	10	right	left	0	37	13.014	2843
2	2	729.0245702227368	4	40	10	right	left	0	102	12.966	7867
2	3	778.9070633514971	4	40	10	right	left	0	98	12.89	7603
2	4	1662.0033857930398	4	40	10	right	left	0	114	12.905	8834
2	5	940.7431203233843	4	40	10	right	left	0	33	13.274	2486
2	6	923.9232210992923	4	40	10	left	left	1	163	12.914	12622
2	7	3186.4537154018744	4	40	10	left	left	1	70	13.079	5352
2	8	664.8727623677457	4	40	10	left	left	1	105	12.92	8127
2	9	813.9954915173275	4	40	10	right	left	0	54	13.053	4137
2	10	1388.3799446673956	4	40	10	left	left	1	15	13.799	1087
2	11	668.0068664199953	4	40	10	right	left	0	24	13.223	1815
2	12	362.4148177866335	4	40	10	right	left	0	60	13.015	4610
2	13	455.26581021386517	4	40	10	left	left	1	64	13.091	4889
2	14	748.5149778029788	4	40	10	left	left	1	62	12.998	4770
2	15	1024.4485979259507	4	40	10	left	left	1	57	13.032	4374
2	16	297.97258044417526	4	40	10	right	left	0	56	13.139	4262
2	17	516.2501623704479	4	40	10	right	left	0	92	12.961	7098
2	18	3516.109759360967	4	40	10	right	left	0	90	12.978	6935
2	19	486.71791176605115	4	40	10	left	left	1	23	13.341	1724
2	20	646.8444349149937	4	40	10	right	left	0	39	13.004	2999
2	21	298.35883062287405	4	40	10	left	left	1	13	13.118	991
2	22	216.93099583876003	4	40	10	left	left	1	75	13.01	5765
2	23	248.09319830175147	4	40	10	right	left	0	69	12.953	5327
2	24	1412.530978852273	4	40	10	left	left	1	72	13.07	5509
2	25	746.4619140669289	4	40	10	right	left	0	54	13.047	4139
2	26	316.25249187210034	4	40	10	left	left	1	59	13.079	4511
2	27	1603.4120775524182	4	40	10	right	left	0	72	13.036	5523
2	28	1672.0789651691532	4	40	10	left	left	1	36	13.134	2741
2	29	471.2828853322975	4	40	10	right	left	0	44	13.056	3370
2	30	1508.5212253926923	4	40	10	right	left	0	52	12.939	4019
2	31	587.386923482785	4	40	10	left	left	1	37	13.102	2824
2	32	267.4079899014855	4	40	10	right	left	0	25	13.228	1890
2	33	1017.9206636935611	4	40	10	right	left	0	41	13.086	3133
2	34	347.67226338144974	4	40	10	left	left	1	13	13.728	947
2	35	264.8912844350233	4	40	10	left	left	1	14	13.875	1009
2	36	4692.893929192628	4	40	10	left	left	1	12	14.218	844
2	37	1064.7013238407003	4	40	10	left	left	1	17	13.087	1299
2	38	352.7952510664103	4	40	10	right	left	0	18	13.1	1374
2	39	3715.019977448705	4	40	10	left	left	1	57	12.934	4407
2	40	618.5352991360242	4	40	10	left	left	1	28	13.327	2101
3	1	509.75901594441405	4	40	10	right	left	0	9	13.294	677
3	2	1719.817437338207	4	40	10	left	left	1	22	12.934	1701
3	3	2270.1662522228567	4	40	10	right	left	0	13	13.613	955
3	4	369.7511298653927	4	40	10	left	left	1	21	13.233	1587
3	5	521.6211914471442	4	40	10	right	left	0	19	13.222	1437
3	6	502.5373439288384	4	40	10	right	left	0	33	12.997	2539
3	7	589.0490379192515	4	40	10	left	left	1	7	12.963	540
3	8	884.2779663641841	4	40	10	left	left	1	6	15.228	394
3	9	1437.603627571244	4	40	10	right	left	0	11	13.174	835
3	10	421.43069118612993	4	40	10	right	left	0	7	12.987	539
3	11	1830.6586003908048	4	40	10	right	left	0	45	13.059	3446
3	12	235.91129160343718	4	40	10	left	left	1	9	14.377	626
3	13	2285.325857354104	4	40	10	left	left	1	38	13.199	2879
3	14	817.564033662694	4	40	10	right	left	0	55	12.902	4263
3	15	902.3160693524397	4	40	10	left	left	1	10	13.699	730
3	16	243.90036658364085	4	40	10	right	left	0	11	13.48	816
3	17	1128.7440965415585	4	40	10	left	left	1	24	13.18	1821
3	18	639.6195525409344	4	40	10	left	left	1	34	13.042	2607
3	19	318.41159232605	4	40	10	right	left	0	59	13.021	4531
3	20	527.1661425963061	4	40	10	left	left	1	11	13.447	818
3	21	374.0843855101565	4	40	10	right	left	0	52	13	4000
3	22	570.0466662775417	4	40	10	right	left	0	8	14.184	564
3	23	375.2445042900074	4	40	10	right	left	0	17	13.344	1274
3	24	1327.826652005373	4	40	10	left	left	1	32	13.273	2411
3	25	359.6484256437073	4	40	10	right	left	0	24	13.122	1829
3	26	313.9832128959295	4	40	10	left	left	1	19	13.049	1456
3	27	638.52961016878	4	40	10	left	left	1	50	13.148	3803
3	28	427.14576455053276	4	40	10	right	left	0	84	12.981	6471
3	29	1343.5199400223312	4	40	10	right	left	0	40	13.072	3060
3	30	660.4880352298005	4	40	10	right	left	0	33	12.962	2546
3	31	2209.623251860969	4	40	10	left	left	1	10	14.245	702
3	32	278.8724930299941	4	40	10	right	left	0	15	13.112	1144
3	33	703.518563837383	4	40	10	left	left	1	8	13.629	587
3	34	720.0742657384211	4	40	10	left	left	1	31	13.047	2376
3	35	458.43461567436566	4	40	10	right	left	0	15	12.987	1155
3	36	796.2414737108459	4	40	10	left	left	1	22	13.221	1664
3	37	2989.3667065796767	4	40	10	left	left	1	34	13.266	2563
3	38	844.7017717772503	4	40	10	left	left	1	26	12.955	2007
3	39	2616.2312730275894	4	40	10	left	left	1	29	12.946	2240
3	40	514.1537095516014	4	40	10	right	left	0	21	13.199	1591
4	1	596.3142574860669	4	40	10	right	left	0	49	12.956	3782
4	2	649.2908398205474	4	40	10	left	left	1	32	13.109	2441
4	3	827.1073564696463	4	40	10	right	left	0	38	12.952	2934
4	4	227.53667345269196	4	40	10	right	left	0	25	13.235	1889
4	5	1997.6887129726103	4	40	10	right	left	0	35	13.079	2676
4	6	1058.0221262694922	4	40	10	right	left	0	25	12.9	1938
4	7	362.0701452368527	4	40	10	right	left	0	9	14.4	625
4	8	676.1228555048717	4	40	10	left	left	1	71	13.066	5434
4	9	739.4259836903311	4	40	10	left	left	1	62	12.968	4781
4	10	1293.5380542834707	4	40	10	left	left	1	46	12.882	3571
4	11	3089.531968123225	4	40	10	left	left	1	41	12.934	3170
4	12	660.4306221193794	4	40	10	right	left	0	55	13.015	4226
4	13	1200.0928504333438	4	40	10	left	left	1	22	12.903	1705
4	14	560.43405077118	4	40	10	right	left	0	35	13.173	2657
4	15	4881.810801183391	4	40	10	left	left	1	35	13.026	2687
4	16	691.4485615867403	4	40	10	left	left	1	42	13.019	3226
4	17	2277.852157586808	4	40	10	left	left	1	38	13.236	2871
4	18	524.02573483036	4	40	10	left	left	1	51	12.994	3925
4	19	1270.4009270879758	4	40	10	left	left	1	37	13.224	2798
4	20	219.89877002263881	4	40	10	left	left	1	49	12.953	3783
4	21	780.7607854128652	4	40	10	right	left	0	49	12.905	3797
4	22	363.5290489214932	4	40	10	right	left	0	56	12.96	4321
4	23	636.7875389455608	4	40	10	left	left	1	63	12.958	4862
4	24	1420.2648319522414	4	40	10	left	left	1	62	12.971	4780
4	25	775.1099348920612	4	40	10	right	left	0	99	13.009	7610
4	26	408.12742378450315	4	40	10	right	left	0	39	13.039	2991
4	27	834.6252256060977	4	40	10	right	left	0	42	12.903	3255
4	28	385.50814604965404	4	40	10	right	left	0	55	13.018	4225
4	29	1312.5669449572188	4	40	10	right	left	0	148	12.959	11421
4	30	410.6972445332922	4	40	10	right	left	0	8	13.245	604
4	31	669.2646516427003	4	40	10	left	left	1	53	13.116	4041
4	32	881.3697515406861	4	40	10	right	left	0	47	13.07	3596
4	33	2478.374556107363	4	40	10	left	left	1	24	13.319	1802
4	34	284.72055303473616	4	40	10	left	left	1	64	13.083	4892
4	35	599.7659306003422	4	40	10	right	left	0	52	13.135	3959
4	36	562.0311313035979	4	40	10	left	left	1	42	13.237	3173
4	37	529.9275493975776	4	40	10	right	left	0	35	13.153	2661
4	38	636.311950278232	4	40	10	left	left	1	10	13.072	765
4	39	350.0281893988513	4	40	10	right	left	0	54	13.081	4128
4	40	858.2209140463599	4	40	10	left	left	1	19	13.296	1429
