
blkNum	trlNum	randomStimulusOnsetTime	coherentDots	numberofDots	percentCoherence	winningDirection	response	correct	eventCount	averageFrameRate	RT
1	1	654.530696415943	4	40	10	right	right	1	93	15.304	6077
1	2	205.87815166553256	4	40	10	right	left	0	26	15.458	1682
1	3	1490.9195437782323	4	40	10	right	left	0	82	15.23	5384
1	4	279.8996733092499	4	40	10	left	left	1	19	15.472	1228
1	5	234.67271259432079	4	40	10	left	left	1	62	15.339	4042
1	6	848.8759551530771	4	40	10	right	right	1	22	15.67	1404
1	7	1051.3106519098287	4	40	10	left	left	1	37	15.315	2416
1	8	1766.526980025653	4	40	10	left	left	1	27	15.616	1729
1	9	484.5623446019671	4	40	10	left	left	1	18	15.679	1148
1	10	779.1695616311652	4	40	10	left	left	1	17	15.385	1105
1	11	1081.1032293424785	4	40	10	right	left	0	11	15.625	704
1	12	351.1391963558524	4	40	10	right	right	1	23	15.282	1505
1	13	745.799884135725	4	40	10	left	left	1	53	15.169	3494
1	14	327.2534062145587	4	40	10	left	left	1	37	15.404	2402
1	15	459.83657543980047	4	40	10	left	left	1	22	15.449	1424
1	16	487.23821119619436	4	40	10	right	left	0	16	15.905	1006
1	17	1069.2251517203667	4	40	10	right	left	0	94	15.203	6183
1	18	838.57449962766	4	40	10	right	right	1	44	15.482	2842
1	19	2093.790766965915	4	40	10	left	left	1	60	15.182	3952
1	20	1722.0791539914433	4	40	10	left	left	1	18	15.28	1178
1	21	443.1376942880037	4	40	10	right	right	1	16	15.253	1049
1	22	469.1625229042191	4	40	10	right	right	1	20	15.152	1320
1	23	283.23791699571717	4	40	10	right	right	1	29	15.508	1870
1	24	1150.0572969561183	4	40	10	left	left	1	31	15.226	2036
1	25	1289.0013021988789	4	40	10	right	left	0	21	15.861	1324
1	26	536.1849654187683	4	40	10	right	right	1	17	15.165	1121
1	27	245.86875683078813	4	40	10	right	right	1	24	15.132	1586
1	28	769.2455246460435	4	40	10	left	left	1	12	16	750
1	29	1811.6626028243063	4	40	10	right	left	0	38	15.182	2503
1	30	452.59120340953314	4	40	10	left	left	1	23	15.222	1511
1	31	403.542784914074	4	40	10	left	right	0	15	16.146	929
1	32	972.5299634460926	4	40	10	right	right	1	11	16.153	681
1	33	1801.8224421770904	4	40	10	left	right	0	20	15.256	1311
1	34	935.4155040181379	4	40	10	left	left	1	12	15.404	779
1	35	440.3391093614912	4	40	10	right	right	1	30	15.252	1967
1	36	507.3863714566863	4	40	10	left	left	1	15	15.167	989
1	37	1754.4205169685833	4	40	10	right	right	1	18	15.28	1178
1	38	212.04482414636593	4	40	10	left	left	1	11	15.515	709
1	39	321.9980564747964	4	40	10	left	left	1	31	15.233	2035
1	40	691.4691790469136	4	40	10	right	left	0	34	15.343	2216
2	1	698.3325669064986	4	40	10	right	right	1	135	15.263	8845
2	2	1000.4722939992695	4	40	10	right	left	0	77	15.311	5029
2	3	318.8832059268933	4	40	10	right	left	0	29	15.442	1878
2	4	1855.2644112476644	4	40	10	left	left	1	24	15.238	1575
2	5	202.26582655968386	4	40	10	left	left	1	40	15.391	2599
2	6	409.0254382210968	4	40	10	left	right	0	17	15.274	1113
2	7	839.745688916977	4	40	10	left	left	1	43	15.162	2836
2	8	421.1256121156558	4	40	10	right	right	1	24	15.375	1561
2	9	3029.0126418171108	4	40	10	right	right	1	22	15.172	1450
2	10	497.5554293019049	4	40	10	right	right	1	11	15.32	718
2	11	252.94790007622365	4	40	10	right	right	1	11	16.035	686
2	12	211.31307420802005	4	40	10	right	left	0	13	15.33	848
2	13	1083.8588432651118	4	40	10	right	left	0	22	15.67	1404
2	14	1931.1359280098643	4	40	10	right	right	1	64	15.351	4169
2	15	202.8655463229042	4	40	10	left	left	1	17	15.233	1116
2	16	394.93912072589535	4	40	10	left	right	0	10	15.314	653
2	17	982.8481940510865	4	40	10	left	left	1	15	15.856	946
2	18	2232.74262920599	4	40	10	left	left	1	96	15.226	6305
2	19	859.2079120991483	4	40	10	left	left	1	20	15.76	1269
2	20	592.0177530361543	4	40	10	left	left	1	14	15.677	893
2	21	1512.4821289328972	4	40	10	right	right	1	43	15.27	2816
2	22	254.1886897582694	4	40	10	left	left	1	15	15.416	973
2	23	1600.2740484526664	4	40	10	left	left	1	15	15.924	942
2	24	805.9088873107004	4	40	10	right	right	1	24	15.287	1570
2	25	281.56975552959574	4	40	10	right	right	1	23	15.354	1498
2	26	672.6864501025436	4	40	10	right	right	1	22	15.793	1393
2	27	217.0637598479303	4	40	10	right	left	0	79	15.319	5157
2	28	221.55218142221227	4	40	10	left	left	1	94	15.213	6179
2	29	586.6721084652236	4	40	10	right	right	1	22	15.493	1420
2	30	714.5909538275256	4	40	10	right	left	0	11	15.342	717
2	31	444.7924200925305	4	40	10	left	left	1	13	15.892	818
2	32	680.734803140243	4	40	10	right	right	1	13	15.439	842
2	33	1010.7318269136359	4	40	10	left	right	0	24	15.645	1534
2	34	451.87683411639927	4	40	10	left	left	1	10	15.504	645
2	35	910.8407811902551	4	40	10	right	right	1	26	15.644	1662
2	36	1930.2490763159378	4	40	10	left	right	0	24	15.228	1576
2	37	400.4564529342799	4	40	10	left	left	1	13	16.352	795
2	38	744.1433233664869	4	40	10	right	left	0	24	15.375	1561
2	39	443.12876113427797	4	40	10	left	right	0	26	15.682	1658
2	40	440.2774518579455	4	40	10	left	left	1	70	15.307	4573
3	1	489.79711201523963	4	40	10	left	left	1	26	15.376	1691
3	2	291.3671894009955	4	40	10	left	right	0	25	15.664	1596
3	3	546.4011730787263	4	40	10	right	right	1	25	15.253	1639
3	4	380.61767637039975	4	40	10	left	left	1	26	15.421	1686
3	5	1205.773010792058	4	40	10	right	left	0	31	15.57	1991
3	6	757.8424241487166	4	40	10	left	left	1	92	15.285	6019
3	7	940.5296117841493	4	40	10	right	right	1	18	16.014	1124
3	8	589.2060195568545	4	40	10	left	left	1	16	15.519	1031
3	9	573.3269358172054	4	40	10	right	left	0	24	15.656	1533
3	10	288.44028138488466	4	40	10	right	right	1	102	15.258	6685
3	11	551.7457107036194	4	40	10	right	right	1	28	15.704	1783
3	12	588.2688069497112	4	40	10	left	left	1	23	15.625	1472
3	13	665.7842259118293	4	40	10	right	right	1	28	15.427	1815
3	14	1380.976510638068	4	40	10	left	left	1	29	15.36	1888
3	15	934.0614195476861	4	40	10	left	right	0	20	15.736	1271
3	16	750.3486622366883	4	40	10	right	right	1	17	15.343	1108
3	17	311.129011297314	4	40	10	right	right	1	15	15.291	981
3	18	259.03473622694935	4	40	10	left	right	0	16	15.579	1027
3	19	1817.9246291499398	4	40	10	left	left	1	19	15.385	1235
3	20	269.67512757957195	4	40	10	left	right	0	13	15.258	852
3	21	374.89788332877094	4	40	10	left	right	0	35	15.231	2298
3	22	1045.577088670273	4	40	10	right	right	1	21	15.251	1377
3	23	662.0168617080171	4	40	10	left	right	0	53	15.287	3467
3	24	697.8742653532361	4	40	10	right	right	1	16	15.37	1041
3	25	1109.3839265446745	4	40	10	right	right	1	24	15.19	1580
3	26	705.7812105749924	4	40	10	right	left	0	31	15.226	2036
3	27	869.3324893542083	4	40	10	right	right	1	41	15.396	2663
3	28	764.6444720405339	4	40	10	left	left	1	29	15.215	1906
3	29	676.2447333010487	4	40	10	left	left	1	20	15.385	1300
3	30	392.7403563928497	4	40	10	right	right	1	27	15.491	1743
3	31	257.09903713092973	4	40	10	left	left	1	44	15.272	2881
3	32	364.82441366674584	4	40	10	left	right	0	96	15.166	6330
3	33	278.1407276054982	4	40	10	left	left	1	78	15.196	5133
3	34	287.5295962179046	4	40	10	right	right	1	19	15.768	1205
3	35	1251.2535536046653	4	40	10	right	left	0	10	15.873	630
3	36	603.414658225191	4	40	10	left	left	1	21	15.228	1379
3	37	1839.1016284407096	4	40	10	right	right	1	10	15.314	653
3	38	1732.2436936078395	4	40	10	left	left	1	16	15.857	1009
3	39	2355.871286635291	4	40	10	right	right	1	12	15.524	773
3	40	873.6728791932339	4	40	10	right	right	1	26	15.569	1670
4	1	915.4675327717396	4	40	10	left	left	1	23	15.364	1497
4	2	368.1881972896171	4	40	10	left	right	0	14	16.055	872
4	3	1519.8405615579982	4	40	10	left	left	1	58	15.287	3794
4	4	885.4509216498083	4	40	10	right	right	1	15	15.322	979
4	5	641.9992708180046	4	40	10	left	left	1	51	15.238	3347
4	6	345.80649982979196	4	40	10	right	right	1	29	15.175	1911
4	7	253.9863292614535	4	40	10	left	left	1	118	15.261	7732
4	8	226.18367519279633	4	40	10	right	right	1	51	15.188	3358
4	9	486.7676786995467	4	40	10	right	right	1	75	15.155	4949
4	10	802.1377711516676	4	40	10	right	right	1	34	15.26	2228
4	11	1918.4399299555907	4	40	10	left	left	1	51	15.183	3359
4	12	364.1098829056979	4	40	10	left	right	0	61	15.388	3964
4	13	236.4095959730007	4	40	10	left	left	1	52	15.344	3389
4	14	1015.5526613379933	4	40	10	right	right	1	14	15.317	914
4	15	545.5250058509336	4	40	10	right	right	1	26	15.366	1692
4	16	393.59197413904496	4	40	10	left	left	1	22	15.204	1447
4	17	373.49403035049073	4	40	10	right	right	1	15	15.957	940
4	18	813.5370573160434	4	40	10	right	right	1	16	16.032	998
4	19	283.2017051941749	4	40	10	right	right	1	52	15.29	3401
4	20	1614.2546651156526	4	40	10	right	right	1	90	15.288	5887
4	21	1414.9153511167162	4	40	10	left	left	1	18	15.901	1132
4	22	700.6491736739215	4	40	10	left	left	1	38	15.164	2506
4	23	269.5001442911006	4	40	10	left	left	1	34	15.199	2237
4	24	1501.0169359384606	4	40	10	left	left	1	27	15.67	1723
4	25	1995.0474602631512	4	40	10	right	left	0	10	15.674	638
4	26	285.7569174622221	4	40	10	left	right	0	11	15.428	713
4	27	448.3514649736836	4	40	10	right	left	0	55	15.214	3615
4	28	575.819902242048	4	40	10	right	left	0	20	15.186	1317
4	29	3578.287654566366	4	40	10	left	right	0	113	15.246	7412
4	30	843.2964829488604	4	40	10	left	left	1	33	15.537	2124
4	31	446.6290261842872	4	40	10	right	right	1	18	15.216	1183
4	32	1053.8257973008288	4	40	10	right	right	1	37	15.455	2394
4	33	496.6055413272414	4	40	10	right	right	1	18	15.358	1172
4	34	206.41850197736775	4	40	10	right	right	1	17	15.873	1071
4	35	1344.9696043617275	4	40	10	left	left	1	15	15.707	955
4	36	642.6035134352635	4	40	10	left	left	1	16	15.296	1046
4	37	401.832577019267	4	40	10	right	right	1	20	15.528	1288
4	38	1216.811526437711	4	40	10	left	right	0	15	15.512	967
4	39	385.73995679153745	4	40	10	right	right	1	26	15.606	1666
4	40	206.61825589167944	4	40	10	left	right	0	10	15.924	628
