
blkNum	trlNum	randomStimulusOnsetTime	coherentDots	numberofDots	percentCoherence	winningDirection	response	correct	eventCount	averageFrameRate	RT
1	1	702.9013249540476	4	40	10	right	right	1	90	15.216	5915
1	2	1209.736146831346	4	40	10	left	left	1	16	15.534	1030
1	3	1778.1453794274335	4	40	10	left	left	1	26	15.267	1703
1	4	673.4013883955249	4	40	10	right	right	1	18	15.611	1153
1	5	1918.0008588941491	4	40	10	right	left	0	20	15.637	1279
1	6	885.0488334156356	4	40	10	left	left	1	52	15.227	3415
1	7	647.9283434234653	4	40	10	right	right	1	15	16.094	932
1	8	815.937511486797	4	40	10	left	right	0	25	15.713	1591
1	9	511.9768997166656	4	40	10	right	right	1	62	15.185	4083
1	10	240.0543383095615	4	40	10	left	left	1	30	15.456	1941
1	11	1913.4406083816157	4	40	10	right	right	1	27	15.393	1754
1	12	287.81425815204045	4	40	10	right	right	1	16	15.224	1051
1	13	344.952918763434	4	40	10	left	left	1	13	15.912	817
1	14	1723.158634719119	4	40	10	right	right	1	40	15.432	2592
1	15	535.7386023264377	4	40	10	left	left	1	16	15.37	1041
1	16	1145.463087496485	4	40	10	right	left	0	15	15.94	941
1	17	1626.3010234438884	4	40	10	right	right	1	19	15.561	1221
1	18	303.6687304684622	4	40	10	left	left	1	25	15.198	1645
1	19	928.7139487414292	4	40	10	left	left	1	16	15.61	1025
1	20	753.1176454098671	4	40	10	right	left	0	18	15.639	1151
1	21	893.8829529565993	4	40	10	left	right	0	21	15.66	1341
1	22	629.1073990331042	4	40	10	left	left	1	18	15.584	1155
1	23	485.3001156886048	4	40	10	right	right	1	26	15.357	1693
1	24	1161.2003744870226	4	40	10	left	left	1	26	15.24	1706
1	25	1020.939911004203	4	40	10	left	right	0	41	15.425	2658
1	26	661.5551966912117	4	40	10	left	left	1	10	15.748	635
1	27	774.7761064155651	4	40	10	right	right	1	15	15.576	963
1	28	1217.3285621966206	4	40	10	left	left	1	32	15.633	2047
1	29	1936.2326419041544	4	40	10	right	right	1	14	15.351	912
1	30	2951.6024273343805	4	40	10	right	right	1	12	15.504	774
1	31	1624.837596228404	4	40	10	right	right	1	34	15.554	2186
1	32	222.16837669897248	4	40	10	left	left	1	41	15.236	2691
1	33	353.6133923382215	4	40	10	right	right	1	13	15.152	858
1	34	844.1019932504803	4	40	10	left	right	0	37	15.327	2414
1	35	266.83695354919166	4	40	10	left	left	1	20	15.613	1281
1	36	805.4413850495971	4	40	10	left	right	0	10	16.694	599
1	37	369.5259319396423	4	40	10	right	right	1	20	15.898	1258
1	38	562.0489025407828	4	40	10	right	left	0	21	15.141	1387
1	39	751.1170821937541	4	40	10	right	right	1	9	15.625	576
1	40	1357.700912999363	4	40	10	left	left	1	19	15.347	1238
2	1	1118.3701793619591	4	40	10	left	left	1	21	15.419	1362
2	2	249.1666872270526	4	40	10	right	right	1	12	15.979	751
2	3	736.2507194727034	4	40	10	right	left	0	20	15.48	1292
2	4	1053.2532576459976	4	40	10	right	left	0	25	15.723	1590
2	5	216.1799803454676	4	40	10	left	left	1	20	15.711	1273
2	6	839.5889371259144	4	40	10	right	right	1	38	15.292	2485
2	7	355.05932379491605	4	40	10	right	right	1	12	15.873	756
2	8	320.75604962643916	4	40	10	left	left	1	14	15.301	915
2	9	396.43110193171935	4	40	10	left	left	1	28	15.234	1838
2	10	278.0099415147083	4	40	10	right	left	0	13	15.931	816
2	11	895.826747424145	4	40	10	left	left	1	10	15.244	656
2	12	267.19266558379115	4	40	10	right	left	0	13	16.049	810
2	13	363.6389612974692	4	40	10	right	right	1	10	16.694	599
2	14	578.0443719394393	4	40	10	left	left	1	15	15.907	943
2	15	262.45393055102824	4	40	10	left	right	0	13	15.187	856
2	16	1797.749049320447	4	40	10	left	right	0	10	15.456	647
2	17	2586.362605845226	4	40	10	left	left	1	13	16.393	793
2	18	612.7531242078394	4	40	10	left	left	1	15	15.707	955
2	19	559.7960610706223	4	40	10	left	left	1	8	15.267	524
2	20	926.1764497095023	4	40	10	right	left	0	9	15.177	593
2	21	234.90757336038357	4	40	10	right	right	1	16	15.748	1016
2	22	502.47375511927635	4	40	10	right	right	1	18	15.915	1131
2	23	250.53188351008265	4	40	10	left	right	0	66	15.31	4311
2	24	764.870276967253	4	40	10	right	left	0	19	15.286	1243
2	25	669.5235910217532	4	40	10	right	right	1	15	15.213	986
2	26	1151.8551893055403	4	40	10	left	right	0	20	15.244	1312
2	27	505.2716837030293	4	40	10	right	left	0	9	15.491	581
2	28	433.642805330369	4	40	10	right	right	1	25	15.596	1603
2	29	1881.607923935598	4	40	10	left	right	0	15	15.69	956
2	30	2869.1519477577353	4	40	10	right	right	1	37	15.462	2393
2	31	2086.30596401581	4	40	10	right	right	1	16	15.873	1008
2	32	1398.5660305406284	4	40	10	left	right	0	17	15.26	1114
2	33	293.0674752256636	4	40	10	left	right	0	85	15.321	5548
2	34	4825.4039626651165	4	40	10	right	right	1	15	15.609	961
2	35	3181.4607050610084	4	40	10	left	left	1	13	15.348	847
2	36	632.1256136901375	4	40	10	left	left	1	12	15.19	790
2	37	510.7077611385293	4	40	10	right	right	1	16	16.016	999
2	38	631.5171115085341	4	40	10	left	left	1	19	15.385	1235
2	39	1588.746568089647	4	40	10	right	right	1	14	16.204	864
2	40	540.4386495483673	4	40	10	left	left	1	15	15.4	974
3	1	371.9780675689343	4	40	10	left	left	1	13	15.815	822
3	2	538.9469818910728	4	40	10	left	left	1	22	15.428	1426
3	3	474.3416637520592	4	40	10	right	right	1	23	15.313	1502
3	4	2789.1763684695597	4	40	10	left	left	1	13	15.24	853
3	5	526.0021804256947	4	40	10	right	left	0	15	15.674	957
3	6	1449.5269875871047	4	40	10	left	left	1	20	15.686	1275
3	7	1356.4654213576277	4	40	10	left	left	1	27	15.194	1777
3	8	1262.5821927920467	4	40	10	left	left	1	19	15.286	1243
3	9	1117.7095297174565	4	40	10	right	left	0	17	15.511	1096
3	10	479.8425359619025	4	40	10	right	right	1	15	16.146	929
3	11	1460.34651247624	4	40	10	right	right	1	14	15.891	881
3	12	266.0523177887961	4	40	10	right	left	0	14	15.504	903
3	13	822.2265737686221	4	40	10	left	right	0	11	15.67	702
3	14	237.28025645198156	4	40	10	right	right	1	16	15.564	1028
3	15	1158.9094179696965	4	40	10	left	left	1	13	15.854	820
3	16	749.1736890437089	4	40	10	left	left	1	14	15.135	925
3	17	2607.8297640878077	4	40	10	left	left	1	11	15.759	698
3	18	465.40284483579893	4	40	10	right	right	1	14	15.573	899
3	19	920.985766172623	4	40	10	right	right	1	16	16	1000
3	20	268.6191481842927	4	40	10	right	left	0	13	16.169	804
3	21	1186.091443544461	4	40	10	right	right	1	12	15.504	774
3	22	918.683868380605	4	40	10	right	right	1	11	15.896	692
3	23	361.9455858356532	4	40	10	left	left	1	13	15.55	836
3	24	266.15042276469694	4	40	10	left	right	0	10	16.502	606
3	25	1666.761674467057	4	40	10	right	left	0	30	15.314	1959
3	26	548.1813073479647	4	40	10	left	left	1	13	15.682	829
3	27	484.95810017950294	4	40	10	left	left	1	25	15.432	1620
3	28	296.66358546946907	4	40	10	right	right	1	21	15.861	1324
3	29	250.81313316245524	4	40	10	left	right	0	23	15.385	1495
3	30	1567.1823791631732	4	40	10	right	right	1	13	15.33	848
3	31	455.59226412106096	4	40	10	right	right	1	12	15.345	782
3	32	365.6967185688808	4	40	10	left	left	1	21	15.59	1347
3	33	815.076529574832	4	40	10	right	right	1	16	15.37	1041
3	34	723.8888195206722	4	40	10	left	left	1	16	15.595	1026
3	35	959.6790179302831	4	40	10	left	left	1	17	15.668	1085
3	36	1080.5675360987157	4	40	10	right	right	1	21	15.407	1363
3	37	1064.9429960455316	4	40	10	right	right	1	25	15.567	1606
3	38	640.4368531914707	4	40	10	left	left	1	14	16.26	861
3	39	366.5644900267981	4	40	10	left	left	1	43	15.341	2803
3	40	492.9968654518154	4	40	10	right	right	1	9	15.762	571
4	1	881.5651524281191	4	40	10	left	left	1	12	15.979	751
4	2	1145.4390114415828	4	40	10	left	left	1	11	16.393	671
4	3	873.7898705609489	4	40	10	right	right	1	14	15.784	887
4	4	320.9164684274746	4	40	10	left	left	1	10	16.502	606
4	5	1693.1645484233466	4	40	10	left	left	1	13	16.25	800
4	6	1652.6485823127587	4	40	10	right	right	1	13	16.23	801
4	7	937.4839047935668	4	40	10	right	left	0	8	16.771	477
4	8	1709.1082456097527	4	40	10	left	left	1	13	15.644	831
4	9	286.080714811793	4	40	10	left	left	1	55	15.286	3598
4	10	346.62317548603073	4	40	10	left	left	1	12	16.173	742
4	11	633.2772602414773	4	40	10	right	left	0	49	15.184	3227
4	12	395.623664809346	4	40	10	left	left	1	16	15.355	1042
4	13	1030.5726540261458	4	40	10	left	left	1	19	15.651	1214
4	14	391.79033061004463	4	40	10	right	right	1	17	15.962	1065
4	15	295.70480209349154	4	40	10	right	right	1	17	15.441	1101
4	16	446.74696726382285	4	40	10	left	right	0	15	15.957	940
4	17	1444.9082323899909	4	40	10	left	left	1	11	15.603	705
4	18	745.270243753309	4	40	10	right	right	1	16	15.282	1047
4	19	337.32404066332543	4	40	10	right	right	1	24	15.316	1567
4	20	1747.1955064024341	4	40	10	left	left	1	14	15.909	880
4	21	1652.3249155023652	4	40	10	right	right	1	11	15.625	704
4	22	299.1441836837245	4	40	10	right	right	1	30	15.337	1956
4	23	256.784680797051	4	40	10	right	right	1	17	15.726	1081
4	24	571.5903106851242	4	40	10	right	right	1	15	15.593	962
4	25	935.9331953081409	4	40	10	right	right	1	14	16.092	870
4	26	1397.8926624962537	4	40	10	left	right	0	15	15.658	958
4	27	770.9109227029941	4	40	10	left	left	1	10	15.823	632
4	28	575.3921487146916	4	40	10	right	right	1	14	15.201	921
4	29	405.50991311584244	4	40	10	right	left	0	11	16.035	686
4	30	367.1792090434814	4	40	10	right	right	1	9	15.437	583
4	31	1632.9188042455082	4	40	10	left	left	1	19	15.625	1216
4	32	209.1459807222117	4	40	10	left	right	0	9	16.667	540
4	33	2697.7808387284713	4	40	10	right	right	1	12	16.151	743
4	34	418.68902524270186	4	40	10	right	right	1	16	15.671	1021
4	35	350.165851122803	4	40	10	right	left	0	13	15.892	818
4	36	576.5966386681473	4	40	10	left	right	0	13	15.588	834
4	37	771.0129915819496	4	40	10	left	left	1	18	15.306	1176
4	38	630.6749706326502	4	40	10	left	left	1	27	15.263	1769
4	39	236.009167381449	4	40	10	right	right	1	22	15.352	1433
4	40	3290.9870476302835	4	40	10	left	left	1	22	15.839	1389
