
blkNum	trlNum	randomStimulusOnsetTime	coherentDots	numberofDots	percentCoherence	winningDirection	response	correct	eventCount	averageFrameRate	RT
1	1	1434.6719296884417	4	40	10	left	left	1	62	15.001	4133
1	2	1842.0701064170985	4	40	10	right	left	0	11	15.919	691
1	3	456.3162197666422	4	40	10	left	right	0	98	9.956	9843
1	4	799.1324287448052	4	40	10	left	right	0	81	14.95	5418
1	5	1708.1926148190703	4	40	10	right	left	0	15	15.306	980
1	6	404.4892260962902	4	40	10	right	left	0	82	14.994	5469
1	7	538.8246083715278	4	40	10	left	left	1	12	16.021	749
1	8	424.7697436650187	4	40	10	left	left	1	7	15.385	455
1	9	401.67001057489966	4	40	10	right	left	0	6	15	400
1	10	930.6280555512516	4	40	10	left	right	0	5	16.722	299
1	11	591.8040837796314	4	40	10	left	left	1	5	15.528	322
1	12	965.7510422059463	4	40	10	right	left	0	16	15.625	1024
1	13	415.58525689461646	4	40	10	right	right	1	1	35.714	28
1	14	635.3211149117906	4	40	10	left	left	1	5	16.667	300
1	15	622.5611104845798	4	40	10	left	right	0	4	14.925	268
1	16	751.2481501433581	4	40	10	right	right	1	6	16	375
1	17	1089.0192942450658	4	40	10	left	right	0	5	18.45	271
1	18	846.2284794472997	4	40	10	left	right	0	5	16.234	308
1	19	443.95694964215215	4	40	10	right	right	1	1	333.333	3
1	20	1203.7003453617804	4	40	10	right	left	0	9	15.957	564
1	21	1020.2891127670421	4	40	10	right	right	1	6	16.086	373
1	22	515.7834772556296	4	40	10	right	left	0	6	16.484	364
1	23	546.9469426926721	4	40	10	left	right	0	6	17.751	338
1	24	370.6285693742876	4	40	10	left	right	0	2	22.472	89
1	25	354.34940216956056	4	40	10	right	right	1	2	27.778	72
1	26	606.9136855993953	4	40	10	right	right	1	5	16.234	308
1	27	2047.3572302372838	4	40	10	right	right	1	5	17.007	294
1	28	1301.1723035738491	4	40	10	right	left	0	4	15.267	262
1	29	262.0775520050029	4	40	10	right	right	1	7	16.204	432
1	30	956.5617452920922	4	40	10	left	right	0	5	16.077	311
1	31	329.3148405516448	4	40	10	right	right	1	8	15.238	525
1	32	845.6815342973979	4	40	10	left	right	0	11	15.559	707
1	33	360.1804223660157	4	40	10	right	right	1	10	15.625	640
1	34	506.42064193437477	4	40	10	left	right	0	7	17.073	410
1	35	510.0988888586139	4	40	10	right	left	0	9	15.491	581
1	36	1560.870214686499	4	40	10	left	right	0	6	16.393	366
1	37	552.0748767942322	4	40	10	left	left	1	5	16.779	298
1	38	375.73132756995864	4	40	10	right	right	1	10	16.181	618
1	39	631.1163745016393	4	40	10	left	right	0	5	16.393	305
1	40	1066.274942751968	4	40	10	left	right	0	5	15.576	321
2	1	1301.9889399033357	4	40	10	left	right	0	7	16.588	422
2	2	501.9050673394003	4	40	10	right	right	1	1	29.412	34
2	3	541.4462225245101	4	40	10	right	right	1	4	15.444	259
2	4	352.84009535605185	4	40	10	left	right	0	6	16.484	364
2	5	452.8069103313319	4	40	10	left	left	1	5	16.892	296
2	6	3060.1039908737825	4	40	10	right	right	1	7	16.471	425
2	7	913.8304175608775	4	40	10	right	left	0	5	16.835	297
2	8	690.366488143932	4	40	10	left	right	0	4	19.802	202
2	9	447.3499576328495	4	40	10	left	left	1	5	16.556	302
2	10	893.7137058237756	4	40	10	left	left	1	2	28.986	69
2	11	215.10175509010847	4	40	10	right	right	1	4	18.018	222
2	12	610.142871090274	4	40	10	left	left	1	10	15.504	645
2	13	376.0912124571489	4	40	10	right	left	0	6	15.306	392
2	14	497.41397786251235	4	40	10	right	right	1	3	16.304	184
2	15	465.5817033380999	4	40	10	right	left	0	5	18.248	274
2	16	543.8578243998045	4	40	10	left	left	1	6	15.748	381
2	17	285.8754381339306	4	40	10	right	right	1	7	15.801	443
2	18	723.0030774183617	4	40	10	right	right	1	6	15.957	376
2	19	2657.106924086925	4	40	10	left	right	0	8	16.632	481
2	20	1019.2748360654083	4	40	10	left	right	0	9	16.605	542
2	21	490.7384869448684	4	40	10	right	right	1	1	142.857	7
2	22	1945.628147362534	4	40	10	right	left	0	9	15.517	580
2	23	1968.6398204405484	4	40	10	left	left	1	3	17.647	170
2	24	1148.7875769348416	4	40	10	left	left	1	16	15.842	1010
2	25	728.8238531020108	4	40	10	right	right	1	9	15.491	581
2	26	860.874012909279	4	40	10	right	left	0	9	15.986	563
2	27	470.7550903107901	4	40	10	right	right	1	3	19.868	151
2	28	210.13378089015924	4	40	10	left	left	1	9	15.901	566
2	29	890.0689173704154	4	40	10	right	left	0	12	16.064	747
2	30	976.7084270333502	4	40	10	right	right	1	11	15.873	693
2	31	2556.8433828453417	4	40	10	left	right	0	7	16.667	420
2	32	2800.147134103281	4	40	10	left	right	0	6	15.385	390
2	33	414.1870882434049	4	40	10	left	left	1	6	16.043	374
2	34	338.16013594943433	4	40	10	left	right	0	17	15.455	1100
2	35	1088.864208827617	4	40	10	left	right	0	10	16.502	606
2	36	934.6770210666855	4	40	10	left	left	1	9	16.364	550
2	37	374.9714400519307	4	40	10	right	left	0	6	16.26	369
2	38	1621.349157655474	4	40	10	right	right	1	8	16.529	484
2	39	466.49614825892775	4	40	10	left	left	1	24	15.113	1588
2	40	1363.2693422404056	4	40	10	right	right	1	8	15.564	514
3	1	2624.6084952378737	4	40	10	right	left	0	6	16.575	362
3	2	1788.4188342406303	4	40	10	right	right	1	7	17.157	408
3	3	664.7165721740473	4	40	10	right	right	1	22	15.625	1408
3	4	358.4830208283264	4	40	10	right	right	1	8	16.807	476
3	5	4091.5423276784736	4	40	10	right	left	0	7	15.021	466
3	6	533.5587290273845	4	40	10	right	left	0	10	16.313	613
3	7	1566.0307804108868	4	40	10	left	right	0	5	15.385	325
3	8	1548.1120651285623	4	40	10	left	right	0	5	16.234	308
3	9	601.3818245017856	4	40	10	left	right	0	6	17.699	339
3	10	838.9493699899626	4	40	10	right	right	1	6	16.304	368
3	11	1480.9324126922538	4	40	10	left	right	0	7	16.509	424
3	12	489.4115243150937	4	40	10	left	right	0	6	15.625	384
3	13	1098.9790243197322	4	40	10	left	right	0	5	14.97	334
3	14	342.6655132058298	4	40	10	right	right	1	7	15.351	456
3	15	568.0843043706379	4	40	10	right	right	1	7	17.032	411
3	16	653.301190526724	4	40	10	right	right	1	7	17.241	406
3	17	231.1191711477462	4	40	10	left	right	0	7	16.129	434
3	18	612.2008038571539	4	40	10	right	left	0	3	20.979	143
3	19	1085.3107952764685	4	40	10	left	left	1	3	20	150
3	20	276.3276115316998	4	40	10	right	left	0	6	15.789	380
3	21	321.4050195238777	4	40	10	right	right	1	10	15.974	626
3	22	337.5412547297682	4	40	10	left	right	0	7	16.787	417
3	23	214.56831018762017	4	40	10	right	right	1	9	15.707	573
3	24	1194.014991592526	4	40	10	left	right	0	8	16.985	471
3	25	507.44762246803504	4	40	10	left	right	0	12	15.209	789
3	26	265.52777917093056	4	40	10	left	right	0	7	16.018	437
3	27	1746.5696114506325	4	40	10	left	left	1	6	15.345	391
3	28	579.63315798089	4	40	10	right	left	0	5	16.779	298
3	29	552.3700318966746	4	40	10	left	right	0	4	14.981	267
3	30	2379.042115788566	4	40	10	right	left	0	7	16.949	413
3	31	291.54528984769894	4	40	10	right	left	0	6	16.529	363
3	32	289.9537072581871	4	40	10	left	right	0	3	21.583	139
3	33	273.0144208957186	4	40	10	left	left	1	7	15.086	464
3	34	1123.8850103630125	4	40	10	left	right	0	6	17.751	338
3	35	1047.1420794153255	4	40	10	left	right	0	6	17.143	350
3	36	1215.1946491091326	4	40	10	right	left	0	2	20.833	96
3	37	1345.7958865730275	4	40	10	right	right	1	2	22.222	90
3	38	296.82145059713014	4	40	10	right	right	1	5	16.779	298
3	39	1321.740705493134	4	40	10	left	right	0	1	71.429	14
3	40	402.3773980754686	4	40	10	left	right	0	2	25.974	77
4	1	1489.1305096232143	4	40	10	left	right	0	6	16.997	353
4	2	544.5586898713353	4	40	10	right	left	0	9	16.484	546
4	3	845.1408173879848	4	40	10	left	right	0	1	22.222	45
4	4	491.43618108187695	4	40	10	left	right	0	9	15.025	599
4	5	397.3117114002747	4	40	10	left	left	1	1	18.182	55
4	6	2036.0557148398389	4	40	10	left	left	1	7	17.157	408
4	7	2474.100875225933	4	40	10	left	right	0	1	25.641	39
4	8	232.94441384920634	4	40	10	right	left	0	5	16.026	312
4	9	1344.7027336396352	4	40	10	right	left	0	4	17.621	227
4	10	2703.97412338437	4	40	10	right	left	0	4	17.544	228
4	11	427.2442643793022	4	40	10	right	left	0	5	15.528	322
4	12	455.25623475488874	4	40	10	right	left	0	10	15.291	654
4	13	373.1775031765716	4	40	10	left	left	1	2	21.277	94
4	14	555.9297326668553	4	40	10	left	left	1	3	15.306	196
4	15	2928.8545292413387	4	40	10	left	right	0	5	17.544	285
4	16	795.7552803739968	4	40	10	right	left	0	2	24.096	83
4	17	1486.7400761326005	4	40	10	left	right	0	1	55.556	18
4	18	1805.1138065714026	4	40	10	right	left	0	1	15.873	63
4	19	254.59005757228977	4	40	10	right	left	0	3	18.405	163
4	20	521.4911627669954	4	40	10	right	left	0	2	24.691	81
4	21	867.3919711460544	4	40	10	left	right	0	6	15.038	399
4	22	974.8896082703018	4	40	10	right	right	1	2	23.81	84
4	23	602.2292297019474	4	40	10	right	right	1	3	16.129	186
4	24	534.0184742177104	4	40	10	right	right	1	3	17.751	169
4	25	711.3625118861512	4	40	10	right	left	0	3	18.293	164
4	26	925.3634112286719	4	40	10	left	right	0	1	23.81	42
4	27	228.1892890322536	4	40	10	left	right	0	4	18.1	221
4	28	501.69841494459143	4	40	10	left	left	1	2	19.802	101
4	29	478.4690663362312	4	40	10	right	left	0	22	15.331	1435
4	30	1147.953735509077	4	40	10	right	right	1	1	83.333	12
4	31	1271.7693472874007	4	40	10	left	left	1	3	15.873	189
4	32	798.1224253824217	4	40	10	left	right	0	4	16.807	238
4	33	783.135772056164	4	40	10	right	left	0	5	17.73	282
4	34	618.9094894951354	4	40	10	right	right	1	3	16.667	180
4	35	953.1463929794276	4	40	10	right	left	0	4	17.937	223
4	36	433.53489695485956	4	40	10	left	left	1	2	16.949	118
4	37	614.598689137546	4	40	10	left	right	0	1	20.833	48
4	38	1672.4921809273067	4	40	10	left	left	1	5	16.129	310
4	39	3188.7437212039877	4	40	10	left	left	1	6	15.873	378
4	40	881.3176734277934	4	40	10	right	left	0	6	17.192	349
