
blkNum	trlNum	randomStimulusOnsetTime	coherentDots	numberofDots	percentCoherence	winningDirection	response	correct	eventCount	averageFrameRate	RT
1	1	824.6216385668218	4	40	10	right	right	1	174	15.149	11486
1	2	2966.7634375389375	4	40	10	left	left	1	161	15.162	10619
1	3	251.56665300821444	4	40	10	right	right	1	167	15.154	11020
1	4	582.3617078611194	4	40	10	left	left	1	96	15.187	6321
1	5	664.0580329655122	4	40	10	left	left	1	69	15.282	4515
1	6	275.5117183430642	4	40	10	left	left	1	69	15.212	4536
1	7	1379.3888999331011	4	40	10	right	right	1	73	15.314	4767
1	8	3673.5284626413004	4	40	10	left	left	1	88	15.241	5774
1	9	354.6193670340738	4	40	10	right	right	1	72	15.232	4727
1	10	427.25625665510364	4	40	10	left	left	1	36	15.196	2369
1	11	312.1659949746769	4	40	10	left	left	1	46	15.349	2997
1	12	445.68579283096886	4	40	10	left	left	1	42	15.413	2725
1	13	2527.9528908727857	4	40	10	left	left	1	37	15.533	2382
1	14	296.7060032137799	4	40	10	left	right	0	148	15.138	9777
1	15	2007.9175957314321	4	40	10	right	left	0	184	15.182	12120
1	16	412.13745678569956	4	40	10	left	right	0	169	15.235	11093
1	17	449.90953320619167	4	40	10	left	left	1	72	15.329	4697
1	18	1053.605731840281	4	40	10	right	right	1	138	15.187	9087
1	19	332.2429195721736	4	40	10	right	right	1	67	15.3	4379
1	20	559.8769162031649	4	40	10	left	left	1	59	15.293	3858
1	21	811.794761776362	4	40	10	right	left	0	55	15.376	3577
1	22	1043.6022070337722	4	40	10	right	right	1	78	15.217	5126
1	23	386.51857942331515	4	40	10	right	right	1	164	15.156	10821
1	24	849.1308783081024	4	40	10	right	left	0	169	15.169	11141
1	25	872.9051843188803	4	40	10	right	right	1	133	15.209	8745
1	26	1068.703017816199	4	40	10	left	left	1	88	15.254	5769
1	27	1492.5617712153676	4	40	10	right	right	1	174	15.211	11439
1	28	493.5628374771505	4	40	10	left	right	0	79	15.304	5162
1	29	690.8171090363153	4	40	10	right	right	1	88	15.283	5758
1	30	1930.7277847751056	4	40	10	left	left	1	30	15.56	1928
1	31	1518.0179237361137	4	40	10	left	left	1	38	15.46	2458
1	32	661.0324457392403	4	40	10	right	right	1	25	15.645	1598
1	33	1849.5160203675623	4	40	10	right	right	1	19	15.702	1210
1	34	902.0439511112527	4	40	10	right	left	0	26	15.196	1711
1	35	466.7687714296036	4	40	10	right	right	1	146	15.153	9635
1	36	814.1739599289202	4	40	10	left	right	0	53	15.274	3470
1	37	1112.8183287248407	4	40	10	left	right	0	139	15.251	9114
1	38	760.4634481581309	4	40	10	right	left	0	59	15.381	3836
1	39	517.2454689100987	4	40	10	left	left	1	138	15.222	9066
1	40	278.7718940563529	4	40	10	right	right	1	24	15.287	1570
2	1	592.0550208464484	4	40	10	left	left	1	30	15.512	1934
2	2	1100.9205017441345	4	40	10	left	left	1	17	15.741	1080
2	3	641.1550731592213	4	40	10	left	left	1	30	15.275	1964
2	4	3190.7399352654525	4	40	10	right	right	1	84	15.317	5484
2	5	715.7617745300859	4	40	10	right	right	1	14	15.982	876
2	6	552.7392164819157	4	40	10	left	left	1	27	15.526	1739
2	7	755.5063409390234	4	40	10	right	right	1	25	15.47	1616
2	8	328.62293496772213	4	40	10	right	left	0	88	15.246	5772
2	9	256.5562053256593	4	40	10	right	right	1	30	15.456	1941
2	10	607.3456217009618	4	40	10	right	right	1	22	15.647	1406
2	11	1112.6497843913044	4	40	10	left	left	1	15	15.907	943
2	12	274.7291191994072	4	40	10	left	left	1	37	15.158	2441
2	13	838.0338503000953	4	40	10	left	left	1	19	15.139	1255
2	14	1030.6580170367895	4	40	10	right	left	0	14	15.927	879
2	15	631.6186980201753	4	40	10	right	right	1	27	15.152	1782
2	16	424.3399479540867	4	40	10	right	right	1	14	16.11	869
2	17	1219.2327302462475	4	40	10	right	right	1	49	15.375	3187
2	18	792.1736792465391	4	40	10	right	left	0	43	15.341	2803
2	19	700.6934637657785	4	40	10	left	left	1	39	15.14	2576
2	20	324.98020289475545	4	40	10	left	left	1	37	15.507	2386
2	21	209.32964690801208	4	40	10	right	right	1	45	15.343	2933
2	22	414.2882059061668	4	40	10	left	left	1	15	15.448	971
2	23	555.8101878741065	4	40	10	left	left	1	22	15.603	1410
2	24	1667.5479332381908	4	40	10	left	left	1	13	15.513	838
2	25	1363.6206614795678	4	40	10	right	right	1	20	15.785	1267
2	26	257.3473095944818	4	40	10	right	right	1	18	15.845	1136
2	27	428.1597808476698	4	40	10	right	right	1	12	15.228	788
2	28	259.81473794760495	4	40	10	left	right	0	11	16.393	671
2	29	665.0419385397333	4	40	10	right	right	1	17	15.233	1116
2	30	652.8191876138527	4	40	10	left	left	1	13	15.116	860
2	31	907.4549964836816	4	40	10	right	right	1	12	15.267	786
2	32	1050.3069791910634	4	40	10	left	left	1	11	15.152	726
2	33	339.0701619466304	4	40	10	right	right	1	10	15.314	653
2	34	285.4828795512282	4	40	10	left	left	1	12	15.748	762
2	35	1138.4517861414993	4	40	10	left	left	1	11	15.919	691
2	36	507.3783420625556	4	40	10	left	left	1	10	15.504	645
2	37	593.7632363696737	4	40	10	right	right	1	11	15.737	699
2	38	492.9120297551762	4	40	10	left	left	1	10	16.529	605
2	39	282.91507491108143	4	40	10	left	left	1	12	16	750
2	40	470.57273520278994	4	40	10	right	left	0	9	15.385	585
3	1	2914.5761739927743	4	40	10	left	left	1	18	15.776	1141
3	2	1381.9053073522134	4	40	10	left	left	1	12	15.915	754
3	3	648.9914132315976	4	40	10	left	left	1	11	16.082	684
3	4	764.3597034080042	4	40	10	left	left	1	13	15.682	829
3	5	325.81639517042987	4	40	10	right	right	1	34	15.518	2191
3	6	355.94064011421233	4	40	10	left	right	0	18	15.139	1189
3	7	1109.8101888264805	4	40	10	right	right	1	27	15.634	1727
3	8	858.6133257122918	4	40	10	left	left	1	135	15.254	8850
3	9	999.64220509997	4	40	10	left	left	1	62	15.312	4049
3	10	789.4507733886207	4	40	10	left	left	1	15	15.228	985
3	11	611.009901919035	4	40	10	left	right	0	13	15.348	847
3	12	2665.050695809015	4	40	10	right	right	1	20	15.256	1311
3	13	210.45543501550316	4	40	10	left	right	0	80	15.226	5254
3	14	429.995556618758	4	40	10	left	left	1	55	15.261	3604
3	15	552.9963745335309	4	40	10	left	left	1	20	15.564	1285
3	16	1486.6712832200108	4	40	10	left	right	0	69	15.286	4514
3	17	200.45204417245313	4	40	10	right	right	1	28	15.651	1789
3	18	1041.0413433875353	4	40	10	right	right	1	22	15.395	1429
3	19	311.0445373664638	4	40	10	left	right	0	27	15.464	1746
3	20	2020.2759016405314	4	40	10	right	right	1	49	15.18	3228
3	21	638.1723695919338	4	40	10	left	right	0	168	15.205	11049
3	22	356.12043026087065	4	40	10	right	right	1	22	15.406	1428
3	23	277.567682784669	4	40	10	right	right	1	79	15.254	5179
3	24	445.34329835852134	4	40	10	right	right	1	26	15.625	1664
3	25	600.5204476742654	4	40	10	left	left	1	99	15.294	6473
3	26	469.1612649132969	4	40	10	left	left	1	74	15.292	4839
3	27	1025.4622589982891	4	40	10	right	right	1	14	16	875
3	28	353.21226729384756	4	40	10	right	right	1	46	15.467	2974
3	29	402.0839386340914	4	40	10	right	right	1	17	16.038	1060
3	30	1477.7992188105115	4	40	10	right	right	1	77	15.26	5046
3	31	605.06870103413	4	40	10	left	left	1	77	15.22	5059
3	32	479.78058172570275	4	40	10	right	right	1	28	15.368	1822
3	33	1076.2405768175518	4	40	10	right	right	1	34	15.343	2216
3	34	461.3081478306474	4	40	10	right	right	1	25	15.413	1622
3	35	467.0175001718242	4	40	10	right	right	1	13	15.532	837
3	36	337.0047663099018	4	40	10	right	right	1	12	15.171	791
3	37	995.4906107182667	4	40	10	left	left	1	37	15.245	2427
3	38	432.14614756352705	4	40	10	left	left	1	15	15.448	971
3	39	222.97315122472796	4	40	10	right	right	1	16	15.385	1040
3	40	285.66725272832093	4	40	10	right	left	0	19	15.164	1253
4	1	630.3915849828713	4	40	10	left	left	1	16	15.109	1059
4	2	902.6252366152835	4	40	10	left	right	0	255	15.165	16815
4	3	371.0363832373398	4	40	10	right	right	1	24	15.656	1533
4	4	287.387533247561	4	40	10	left	left	1	98	15.239	6431
4	5	548.0359405701678	4	40	10	left	left	1	175	15.231	11490
4	6	433.9975295647872	4	40	10	right	right	1	67	15.248	4394
4	7	1068.2433930668046	4	40	10	right	right	1	67	15.363	4361
4	8	370.80887362788997	4	40	10	right	right	1	15	16.06	934
4	9	232.9915922297224	4	40	10	right	right	1	13	15.873	819
4	10	241.20814071758008	4	40	10	right	left	0	77	15.251	5049
4	11	550.7389552508893	4	40	10	right	right	1	44	15.204	2894
4	12	2093.4512860380646	4	40	10	left	left	1	68	15.192	4476
4	13	2070.236579587522	4	40	10	left	left	1	15	16.146	929
4	14	1014.934181232771	4	40	10	right	right	1	16	15.717	1018
4	15	898.1465383235831	4	40	10	left	left	1	12	15.228	788
4	16	1128.7779212053738	4	40	10	left	left	1	21	15.813	1328
4	17	408.82919926572475	4	40	10	right	left	0	23	15.583	1476
4	18	985.7954383029332	4	40	10	left	left	1	50	15.337	3260
4	19	425.9529508009315	4	40	10	left	left	1	82	15.216	5389
4	20	1798.9201171327954	4	40	10	left	right	0	22	15.592	1411
4	21	1131.0189457784193	4	40	10	left	left	1	14	16.241	862
4	22	1279.155134426952	4	40	10	right	right	1	48	15.161	3166
4	23	1181.1117229792658	4	40	10	left	left	1	180	15.205	11838
4	24	1195.2732056036189	4	40	10	left	left	1	121	15.165	7979
4	25	1813.9046819944795	4	40	10	right	right	1	25	15.356	1628
4	26	273.29423071568124	4	40	10	right	right	1	15	15.448	971
4	27	401.14077535003617	4	40	10	left	left	1	35	15.184	2305
4	28	610.5101748960042	4	40	10	right	right	1	21	15.789	1330
4	29	674.1746571629458	4	40	10	right	right	1	13	15.796	823
4	30	593.7035837378285	4	40	10	right	right	1	14	15.982	876
4	31	1463.0720957990313	4	40	10	left	left	1	18	15.557	1157
4	32	248.43834138664704	4	40	10	right	right	1	15	15.625	960
4	33	1288.698603091314	4	40	10	right	right	1	15	15.136	991
4	34	285.9038856225196	4	40	10	left	left	1	12	15.852	757
4	35	1935.8759710374347	4	40	10	right	right	1	12	15.564	771
4	36	280.47646488258397	4	40	10	left	left	1	11	16.492	667
4	37	843.7412818527316	4	40	10	left	left	1	20	15.76	1269
4	38	283.0807783021057	4	40	10	left	left	1	11	15.737	699
4	39	1012.6990788991155	4	40	10	right	right	1	10	16.026	624
4	40	414.39766324725883	4	40	10	right	right	1	13	15.24	853
