
blkNum	trlNum	randomStimulusOnsetTime	coherentDots	numberofDots	percentCoherence	winningDirection	response	correct	eventCount	averageFrameRate	RT
1	1	526.1761383587752	4	40	10	left	left	1	77	15.232	5055
1	2	573.681831329592	4	40	10	right	left	0	63	15.314	4114
1	3	312.25241649492887	4	40	10	left	right	0	68	15.333	4435
1	4	200.2544340229093	4	40	10	left	left	1	46	15.467	2974
1	5	2579.489387338746	4	40	10	left	left	1	19	15.742	1207
1	6	1452.9199291426341	4	40	10	right	right	1	14	15.152	924
1	7	1163.1219248368761	4	40	10	right	left	0	31	15.531	1996
1	8	4330.954044753467	4	40	10	right	right	1	16	15.459	1035
1	9	807.5118113392085	4	40	10	left	right	0	12	15.852	757
1	10	268.6830637328778	4	40	10	right	right	1	39	15.187	2568
1	11	1252.7079413631511	4	40	10	right	right	1	12	15.979	751
1	12	391.86821503794647	4	40	10	left	right	0	10	16.529	605
1	13	1145.3174134097007	4	40	10	right	left	0	24	15.345	1564
1	14	689.9774692671585	4	40	10	left	right	0	58	15.203	3815
1	15	1522.308543209707	4	40	10	left	left	1	25	15.432	1620
1	16	333.7370351710106	4	40	10	left	left	1	28	15.342	1825
1	17	444.6251940638974	4	40	10	left	left	1	442	15.151	29173
1	18	864.9529693830989	4	40	10	left	right	0	18	15.639	1151
1	19	775.0201429297753	4	40	10	right	left	0	20	15.163	1319
1	20	764.248609881725	4	40	10	left	right	0	32	15.34	2086
1	21	332.8372346425785	4	40	10	right	left	0	26	15.504	1677
1	22	999.7004274414338	4	40	10	left	right	0	18	15.216	1183
1	23	981.6038847723089	4	40	10	left	left	1	65	15.352	4234
1	24	1371.3416564384825	4	40	10	right	right	1	84	15.187	5531
1	25	246.66597698597556	4	40	10	left	right	0	37	15.391	2404
1	26	1959.0105464761689	4	40	10	right	right	1	58	15.381	3771
1	27	1606.544512299565	4	40	10	right	left	0	63	15.347	4105
1	28	994.2496456420326	4	40	10	right	right	1	14	16.241	862
1	29	506.62969522766656	4	40	10	left	right	0	13	15.99	813
1	30	1742.5112489053543	4	40	10	left	right	0	27	15.652	1725
1	31	920.6263263707468	4	40	10	right	left	0	63	15.377	4097
1	32	360.43305452886466	4	40	10	right	right	1	12	16.393	732
1	33	1292.316531467651	4	40	10	right	right	1	12	15.524	773
1	34	1929.9277952802506	4	40	10	right	right	1	10	16.287	614
1	35	428.1620160542499	4	40	10	left	left	1	11	16.517	666
1	36	1377.8692810142938	4	40	10	right	right	1	13	16.25	800
1	37	233.4238940328259	4	40	10	left	left	1	10	15.244	656
1	38	704.6839062743031	4	40	10	right	right	1	6	15.957	376
1	39	703.0386605520637	4	40	10	left	left	1	6	16	375
1	40	243.1166723307072	4	40	10	right	right	1	6	15.873	378
2	1	212.3981241098362	4	40	10	right	right	1	10	15.674	638
2	2	1502.9682542054572	4	40	10	left	left	1	9	15.957	564
2	3	283.7153135794124	4	40	10	left	right	0	8	16.293	491
2	4	763.2506228305344	4	40	10	right	right	1	12	15.979	751
2	5	891.2802929011078	4	40	10	left	right	0	8	16.032	499
2	6	1023.4128722177813	4	40	10	left	left	1	8	15.968	501
2	7	457.33344899966676	4	40	10	right	left	0	8	16.064	498
2	8	1049.4344063454853	4	40	10	right	right	1	9	15.385	585
2	9	359.02743489476154	4	40	10	left	right	0	8	16.293	491
2	10	1050.0795340218478	4	40	10	left	left	1	13	15.258	852
2	11	314.6001163780719	4	40	10	right	left	0	17	16.068	1058
2	12	1611.0334642043908	4	40	10	left	right	0	11	15.471	711
2	13	861.6793962323472	4	40	10	right	left	0	11	15.85	694
2	14	969.4420725520739	4	40	10	left	right	0	10	16.103	621
2	15	686.7441419909479	4	40	10	right	right	1	12	16.064	747
2	16	1693.6912683582777	4	40	10	left	right	0	12	15.727	763
2	17	925.1811868999239	4	40	10	right	left	0	10	15.748	635
2	18	513.2765423738548	4	40	10	right	right	1	7	17.073	410
2	19	745.1983849667599	4	40	10	left	right	0	9	16.981	530
2	20	511.53428635184997	4	40	10	left	right	0	5	15.974	313
2	21	785.377642272639	4	40	10	right	right	1	5	16.892	296
2	22	1009.709848448771	4	40	10	right	right	1	5	18.727	267
2	23	1180.139776754278	4	40	10	left	right	0	9	16.484	546
2	24	666.387519304411	4	40	10	right	right	1	6	18.018	333
2	25	1244.71178195779	4	40	10	right	right	1	5	15.198	329
2	26	1339.545853131039	4	40	10	left	right	0	9	15.28	589
2	27	1267.462471258388	4	40	10	left	left	1	9	15.228	591
2	28	365.2477003601125	4	40	10	right	left	0	9	15.845	568
2	29	2098.3515822284307	4	40	10	left	right	0	12	16.327	735
2	30	332.30335805592665	4	40	10	right	right	1	8	15.444	518
2	31	2993.3531290954097	4	40	10	right	right	1	7	16.588	422
2	32	329.73977272152683	4	40	10	right	left	0	7	16.092	435
2	33	825.6170018756404	4	40	10	right	right	1	6	15.113	397
2	34	233.91100685948263	4	40	10	right	right	1	7	15.556	450
2	35	454.3059466753323	4	40	10	left	right	0	5	17.007	294
2	36	732.1694736041698	4	40	10	left	right	0	8	16	500
2	37	400.1521171396681	4	40	10	left	right	0	7	17.032	411
2	38	2453.333107863629	4	40	10	left	left	1	11	15.299	719
2	39	603.9828223607807	4	40	10	right	left	0	13	15.24	853
2	40	337.2886122488485	4	40	10	left	right	0	6	15.113	397
3	1	942.99802695067	4	40	10	right	right	1	13	15.24	853
3	2	2472.3068640062447	4	40	10	left	left	1	10	15.221	657
3	3	204.64176080726355	4	40	10	left	left	1	7	16.509	424
3	4	1173.7970097829239	4	40	10	left	left	1	6	15.957	376
3	5	459.3501133391894	4	40	10	right	left	0	6	16.807	357
3	6	1134.4822501146614	4	40	10	left	right	0	3	15.152	198
3	7	1112.4788333908014	4	40	10	right	right	1	10	16.155	619
3	8	533.4556886161103	4	40	10	left	left	1	11	15.625	704
3	9	1262.0954820224108	4	40	10	left	right	0	35	15.251	2295
3	10	338.8502292632835	4	40	10	right	left	0	2	25.974	77
3	11	753.0037299620312	4	40	10	left	right	0	6	16	375
3	12	1600.9371965135251	4	40	10	right	right	1	10	15.848	631
3	13	622.5774860444562	4	40	10	left	right	0	13	15.644	831
3	14	224.92137338443817	4	40	10	left	right	0	7	17.199	407
3	15	1699.7012436175366	4	40	10	right	right	1	6	15.152	396
3	16	542.497930795587	4	40	10	left	right	0	8	15.686	510
3	17	218.43755027434804	4	40	10	left	right	0	13	16.23	801
3	18	244.41881677370912	4	40	10	left	left	1	6	16.949	354
3	19	1602.7921294791595	4	40	10	right	right	1	23	15.182	1515
3	20	1430.3695582829653	4	40	10	left	left	1	17	15.843	1073
3	21	557.260117583358	4	40	10	right	right	1	21	15.602	1346
3	22	876.8441140234772	4	40	10	left	left	1	25	15.375	1626
3	23	854.1200031349238	4	40	10	right	right	1	19	15.36	1237
3	24	978.8428537648732	4	40	10	left	left	1	16	15.311	1045
3	25	649.6618303160427	4	40	10	left	right	0	19	15.728	1208
3	26	2694.00275980188	4	40	10	right	right	1	39	15.427	2528
3	27	339.1253286394291	4	40	10	right	right	1	29	15.475	1874
3	28	362.85690680146064	4	40	10	right	left	0	31	15.159	2045
3	29	287.83817712756183	4	40	10	right	right	1	23	15.7	1465
3	30	991.9577793271975	4	40	10	right	right	1	31	15.438	2008
3	31	1201.2988784200527	4	40	10	right	right	1	18	15.464	1164
3	32	244.09156750114107	4	40	10	right	right	1	17	15.247	1115
3	33	378.7073351993223	4	40	10	right	right	1	21	15.625	1344
3	34	817.5658525263246	4	40	10	left	right	0	17	15.179	1120
3	35	1064.0651719813986	4	40	10	left	left	1	24	15.574	1541
3	36	361.73896507883035	4	40	10	left	left	1	28	15.453	1812
3	37	318.4610218574865	4	40	10	right	left	0	44	15.246	2886
3	38	914.479521251401	4	40	10	right	right	1	22	15.172	1450
3	39	752.1614634303185	4	40	10	left	left	1	26	15.625	1664
3	40	3227.9443331079037	4	40	10	right	right	1	13	15.24	853
4	1	742.210044461561	4	40	10	left	left	1	28	15.217	1840
4	2	1932.180800737254	4	40	10	right	right	1	17	15.192	1119
4	3	615.1762103363446	4	40	10	right	right	1	26	15.348	1694
4	4	217.76906023919642	4	40	10	left	left	1	17	15.302	1111
4	5	1299.0859975796634	4	40	10	left	right	0	34	15.582	2182
4	6	340.82417222623644	4	40	10	right	right	1	17	15.697	1083
4	7	3262.8311798588234	4	40	10	left	right	0	24	15.504	1548
4	8	267.27889925761394	4	40	10	left	left	1	41	15.219	2694
4	9	582.704359553564	4	40	10	right	left	0	13	15.222	854
4	10	1467.6152695611215	4	40	10	left	right	0	12	16.26	738
4	11	963.0985701658026	4	40	10	right	right	1	16	15.64	1023
4	12	1929.9806713816592	4	40	10	right	left	0	18	15.504	1161
4	13	963.0093238500431	4	40	10	left	right	0	13	15.644	831
4	14	489.5497889494916	4	40	10	left	left	1	22	15.636	1407
4	15	1367.3946402561292	4	40	10	right	right	1	26	15.588	1668
4	16	406.0850605925907	4	40	10	left	right	0	19	15.702	1210
4	17	399.2705083460954	4	40	10	right	left	0	17	15.483	1098
4	18	884.1558899249916	4	40	10	right	right	1	15	15.658	958
4	19	650.6236069342934	4	40	10	right	right	1	13	15.222	854
4	20	303.02453471395796	4	40	10	right	left	0	17	15.683	1084
4	21	631.3480824719815	4	40	10	right	right	1	19	15.833	1200
4	22	1097.2033724335492	4	40	10	right	left	0	16	16.113	993
4	23	639.3993091392554	4	40	10	right	left	0	20	15.649	1278
4	24	208.3452588719159	4	40	10	left	left	1	20	15.662	1277
4	25	826.0525584691077	4	40	10	left	right	0	17	15.399	1104
4	26	265.54626996557784	4	40	10	right	left	0	21	15.217	1380
4	27	653.7515250517419	4	40	10	right	right	1	15	15.416	973
4	28	967.301403135901	4	40	10	left	right	0	11	16.345	673
4	29	677.3368065654315	4	40	10	right	right	1	19	15.51	1225
4	30	1051.6483041904207	4	40	10	left	right	0	28	15.334	1826
4	31	963.0912679583039	4	40	10	right	right	1	29	15.175	1911
4	32	1592.3515712190178	4	40	10	right	right	1	32	15.437	2073
4	33	1187.713110248198	4	40	10	right	right	1	55	15.282	3599
4	34	1268.4084575609102	4	40	10	left	left	1	33	15.363	2148
4	35	1365.3951885275114	4	40	10	left	left	1	20	15.444	1295
4	36	1212.4893210389505	4	40	10	left	left	1	23	15.457	1488
4	37	2506.17833920193	4	40	10	left	right	0	23	15.313	1502
4	38	1585.4572474565152	4	40	10	left	left	1	51	15.32	3329
4	39	525.2766420162984	4	40	10	left	left	1	33	15.486	2131
4	40	451.21828246338146	4	40	10	left	left	1	26	15.357	1693
