
blkNum	trlNum	randomStimulusOnsetTime	coherentDots	numberofDots	percentCoherence	winningDirection	response	correct	eventCount	averageFrameRate	RT
1	1	323.51574141204134	4	40	10	left	left	1	52	15.426	3371
1	2	905.7625735844218	4	40	10	left	left	1	22	15.299	1438
1	3	933.1684142061087	4	40	10	right	right	1	16	15.238	1050
1	4	668.4823702144566	4	40	10	right	left	0	11	15.32	718
1	5	227.3493437625509	4	40	10	right	left	0	53	15.152	3498
1	6	1732.3896764301876	4	40	10	right	left	0	128	15.193	8425
1	7	632.8672654963981	4	40	10	right	right	1	18	15.319	1175
1	8	2494.3427522901347	4	40	10	right	left	0	149	15.223	9788
1	9	296.7860314443652	4	40	10	right	right	1	245	15.195	16124
1	10	2001.622909749292	4	40	10	left	left	1	19	15.261	1245
1	11	272.3602084869897	4	40	10	right	right	1	29	15.617	1857
1	12	1157.7258111728424	4	40	10	right	right	1	42	15.306	2744
1	13	534.7053105552867	4	40	10	left	right	0	49	15.389	3184
1	14	252.86962703435583	4	40	10	right	left	0	23	15.678	1467
1	15	702.3154551957516	4	40	10	left	left	1	13	16.311	797
1	16	1443.7063946550943	4	40	10	right	right	1	81	15.228	5319
1	17	247.37764157495963	4	40	10	right	left	0	45	15.265	2948
1	18	676.1440838231183	4	40	10	left	left	1	66	15.186	4346
1	19	713.76368525757	4	40	10	left	left	1	15	15.337	978
1	20	1034.1561059426163	4	40	10	left	left	1	11	15.759	698
1	21	352.0199024593119	4	40	10	left	left	1	11	15.805	696
1	22	1483.2965446953895	4	40	10	right	right	1	18	15.228	1182
1	23	792.1693820011955	4	40	10	right	right	1	40	15.385	2600
1	24	417.5716843133142	4	40	10	left	right	0	15	15.369	976
1	25	705.3590178274362	4	40	10	left	left	1	12	15.424	778
1	26	1542.6832839280974	4	40	10	right	left	0	19	15.913	1194
1	27	1828.1299210226532	4	40	10	left	left	1	11	15.342	717
1	28	494.8523799851898	4	40	10	right	left	0	15	15.991	938
1	29	1211.1946230496164	4	40	10	left	right	0	10	16.556	604
1	30	875.8715802402714	4	40	10	right	left	0	7	16.949	413
1	31	927.9570291749692	4	40	10	left	left	1	54	15.341	3520
1	32	810.9341117110736	4	40	10	left	left	1	17	15.654	1086
1	33	566.701600158843	4	40	10	right	right	1	32	15.534	2060
1	34	865.2237381103846	4	40	10	left	left	1	11	15.299	719
1	35	257.04332521538004	4	40	10	right	left	0	15	15.306	980
1	36	2827.4983080391216	4	40	10	left	left	1	14	15.59	898
1	37	300.4431511949929	4	40	10	left	left	1	14	16.092	870
1	38	283.6519783949314	4	40	10	right	left	0	21	15.173	1384
1	39	1285.4999667833804	4	40	10	left	left	1	19	15.768	1205
1	40	697.798886596509	4	40	10	left	left	1	14	15.964	877
2	1	964.5594631612807	4	40	10	right	right	1	38	15.466	2457
2	2	819.4718447036634	4	40	10	right	right	1	20	15.291	1308
2	3	1346.1842801649311	4	40	10	left	left	1	12	16.393	732
2	4	1018.1444798832744	4	40	10	right	right	1	15	16.129	930
2	5	304.8645116361156	4	40	10	right	left	0	102	15.228	6698
2	6	416.6730682423654	4	40	10	left	left	1	16	15.625	1024
2	7	1957.2059063059028	4	40	10	left	left	1	12	15.345	782
2	8	460.1399217890526	4	40	10	right	left	0	10	15.314	653
2	9	528.216090099197	4	40	10	left	right	0	9	15.679	574
2	10	607.5361293896874	4	40	10	left	left	1	8	16.807	476
2	11	876.6695314586043	4	40	10	left	left	1	14	15.402	909
2	12	266.23578787995183	4	40	10	right	right	1	18	15.491	1162
2	13	1324.4672854956314	4	40	10	right	right	1	12	15.584	770
2	14	258.35654217641314	4	40	10	left	left	1	13	15.971	814
2	15	1328.3348499689432	4	40	10	left	left	1	11	16.082	684
2	16	690.9279821913026	4	40	10	right	left	0	8	15.123	529
2	17	4249.032613605076	4	40	10	left	left	1	12	15.873	756
2	18	741.2912525159105	4	40	10	right	left	0	11	15.873	693
2	19	224.1835893324103	4	40	10	left	left	1	13	16.25	800
2	20	250.70027112512085	4	40	10	right	left	0	113	15.254	7408
2	21	2083.221269387476	4	40	10	left	left	1	12	15.267	786
2	22	385.8079083386177	4	40	10	right	right	1	21	15.873	1323
2	23	310.5977187269828	4	40	10	left	left	1	12	15.81	759
2	24	882.3020557465733	4	40	10	right	right	1	19	15.677	1212
2	25	578.1029034439177	4	40	10	left	left	1	13	15.33	848
2	26	692.2293024029714	4	40	10	right	left	0	78	15.214	5127
2	27	1328.4807738524573	4	40	10	left	left	1	12	15.584	770
2	28	1344.2382491473925	4	40	10	left	left	1	64	15.329	4175
2	29	695.547317860251	4	40	10	left	left	1	14	15.73	890
2	30	305.96234004116826	4	40	10	right	right	1	16	15.34	1043
2	31	203.41272363089098	4	40	10	left	left	1	44	15.455	2847
2	32	667.3959629900558	4	40	10	right	right	1	54	15.22	3548
2	33	413.282037658508	4	40	10	left	left	1	15	15.924	942
2	34	277.8269121238926	4	40	10	right	right	1	49	15.284	3206
2	35	689.7571630126225	4	40	10	right	right	1	34	15.213	2235
2	36	1299.0276318979554	4	40	10	right	right	1	10	16.234	616
2	37	1488.110254665864	4	40	10	left	left	1	15	15.823	948
2	38	238.0634777503258	4	40	10	right	right	1	12	15.484	775
2	39	1192.0145170797537	4	40	10	right	right	1	16	15.166	1055
2	40	202.6655374439446	4	40	10	left	left	1	10	16.367	611
3	1	1997.6968499621973	4	40	10	right	right	1	10	16.103	621
3	2	693.5322254974709	4	40	10	right	right	1	9	15.437	583
3	3	302.7364250747055	4	40	10	right	right	1	11	16.345	673
3	4	443.31487166955776	4	40	10	left	left	1	43	15.457	2782
3	5	1131.0234348105955	4	40	10	left	right	0	12	15.852	757
3	6	1473.2081590791265	4	40	10	right	right	1	18	16.014	1124
3	7	1581.0427306579134	4	40	10	left	left	1	11	16.105	683
3	8	1511.0264641736014	4	40	10	right	right	1	12	15.504	774
3	9	1822.0439354031114	4	40	10	left	left	1	10	15.361	651
3	10	1387.06422680077	4	40	10	right	right	1	10	15.456	647
3	11	4009.5886079393226	4	40	10	left	left	1	12	15.564	771
3	12	397.90110945938136	4	40	10	left	right	0	15	15.907	943
3	13	761.998394456268	4	40	10	left	left	1	11	16.248	677
3	14	874.7517450424948	4	40	10	left	left	1	9	15.707	573
3	15	509.09710066676433	4	40	10	right	left	0	13	15.294	850
3	16	413.5574683327342	4	40	10	right	right	1	13	15.421	843
3	17	492.0281663007579	4	40	10	right	right	1	12	15.365	781
3	18	423.7224355915623	4	40	10	left	right	0	14	15.573	899
3	19	290.28963084304064	4	40	10	left	left	1	10	15.314	653
3	20	2656.991215327345	4	40	10	left	left	1	8	15.444	518
3	21	521.1370774701446	4	40	10	left	left	1	9	15.464	582
3	22	750.2783458797464	4	40	10	right	left	0	12	15.605	769
3	23	397.73757286137356	4	40	10	left	right	0	10	15.823	632
3	24	313.2024982482836	4	40	10	left	left	1	9	15.332	587
3	25	1408.0905229347866	4	40	10	right	left	0	9	15.957	564
3	26	399.6409533354523	4	40	10	right	right	1	8	15.534	515
3	27	1371.9880716565224	4	40	10	right	right	1	9	15.762	571
3	28	358.9578267471054	4	40	10	left	right	0	12	15.504	774
3	29	1236.7818149137486	4	40	10	left	left	1	7	14.706	476
3	30	226.87456154070944	4	40	10	left	left	1	10	16.611	602
3	31	483.06823450767183	4	40	10	right	right	1	27	15.16	1781
3	32	636.9796755912287	4	40	10	right	right	1	22	15.31	1437
3	33	390.2460683879591	4	40	10	right	right	1	63	15.291	4120
3	34	224.55057727096016	4	40	10	right	right	1	44	15.304	2875
3	35	714.4561851217464	4	40	10	right	left	0	14	15.419	908
3	36	641.7430001553239	4	40	10	left	left	1	14	16.092	870
3	37	1203.810121206618	4	40	10	right	left	0	23	15.488	1485
3	38	580.3980282765338	4	40	10	right	right	1	9	16.484	546
3	39	245.80068132764654	4	40	10	left	right	0	7	16.279	430
3	40	364.987755680518	4	40	10	left	left	1	8	15.686	510
4	1	773.4990404252691	4	40	10	right	right	1	16	15.857	1009
4	2	1778.2390840743737	4	40	10	left	left	1	11	15.827	695
4	3	258.7201049581273	4	40	10	left	right	0	8	16.878	474
4	4	432.6043023756513	4	40	10	right	left	0	8	15.564	514
4	5	906.7876370406818	4	40	10	right	right	1	4	16.667	240
4	6	1727.51931887995	4	40	10	left	right	0	7	16.548	423
4	7	1352.7259808192082	4	40	10	left	right	0	6	15.625	384
4	8	2273.232585632847	4	40	10	right	left	0	29	15.401	1883
4	9	1068.9639964558976	4	40	10	right	right	1	10	15.504	645
4	10	535.6470614586449	4	40	10	left	left	1	40	15.367	2603
4	11	311.1519965977111	4	40	10	right	right	1	44	15.167	2901
4	12	1070.0670980450411	4	40	10	right	right	1	28	15.351	1824
4	13	722.4949357425173	4	40	10	right	right	1	12	15.544	772
4	14	1058.0650202819456	4	40	10	right	left	0	24	15.316	1567
4	15	435.099863744763	4	40	10	left	right	0	11	15.257	721
4	16	546.355859978763	4	40	10	right	left	0	7	17.241	406
4	17	1442.4751101003935	4	40	10	left	right	0	6	16	375
4	18	786.6724649799306	4	40	10	left	left	1	14	16.037	873
4	19	1182.30651619616	4	40	10	left	left	1	15	15.369	976
4	20	372.5072071159614	4	40	10	right	right	1	12	16.194	741
4	21	1426.8944795460993	4	40	10	left	left	1	27	15.446	1748
4	22	224.1424493952709	4	40	10	right	right	1	13	16.311	797
4	23	539.0054094732742	4	40	10	right	left	0	8	16.563	483
4	24	623.2036645748835	4	40	10	left	left	1	31	15.649	1981
4	25	517.1603246614983	4	40	10	left	left	1	19	15.548	1222
4	26	826.6717778337835	4	40	10	right	right	1	32	15.202	2105
4	27	1052.8332709435226	4	40	10	left	left	1	13	15.421	843
4	28	509.2329755495202	4	40	10	left	left	1	15	15.658	958
4	29	228.82764170622553	4	40	10	right	right	1	13	15.931	816
4	30	236.00066600804573	4	40	10	left	left	1	13	15.33	848
4	31	2561.4496551810635	4	40	10	left	left	1	13	15.912	817
4	32	598.8264273882194	4	40	10	right	right	1	12	15.306	784
4	33	929.2269743254053	4	40	10	left	left	1	10	16	625
4	34	1020.4276159031513	4	40	10	right	right	1	13	15.663	830
4	35	570.7050694508462	4	40	10	right	right	1	33	15.449	2136
4	36	1534.7855223263155	4	40	10	right	left	0	36	15.497	2323
4	37	1064.04327398457	4	40	10	left	right	0	12	15.345	782
4	38	366.8991053641622	4	40	10	left	left	1	62	15.207	4077
4	39	1345.2676520927866	4	40	10	left	left	1	25	15.253	1639
4	40	872.8715531112979	4	40	10	right	right	1	38	15.397	2468
