
blkNum	trlNum	randomStimulusOnsetTime	coherentDots	numberofDots	percentCoherence	winningDirection	response	correct	eventCount	averageFrameRate	RT
1	1	567.5799200857311	4	40	10	left	right	0	443	15.166	29211
1	2	389.5134955040073	4	40	10	right	left	0	418	15.173	27549
1	3	791.7631142390311	4	40	10	right	right	1	614	15.163	40493
1	4	2081.9089464571152	4	40	10	left	left	1	61	15.163	4023
1	5	548.6521697268743	4	40	10	left	left	1	63	15.115	4168
1	6	283.8999293748777	4	40	10	right	right	1	119	15.21	7824
1	7	485.7830161275839	4	40	10	right	left	0	183	15.169	12064
1	8	643.2757753858252	4	40	10	left	left	1	184	15.197	12108
1	9	333.83716497870034	4	40	10	left	left	1	156	15.188	10271
1	10	1811.0565931842161	4	40	10	right	right	1	182	15.187	11984
1	11	295.5350891459586	4	40	10	right	left	0	243	15.145	16045
1	12	3358.576245773383	4	40	10	left	left	1	143	15.21	9402
1	13	1481.3487048356792	4	40	10	right	left	0	170	15.157	11216
1	14	918.5686419365676	4	40	10	left	left	1	322	15.184	21206
1	15	357.9184375723195	4	40	10	left	right	0	526	15.165	34686
1	16	451.37445729839635	4	40	10	right	right	1	675	15.151	44552
1	17	1861.4692685016325	4	40	10	left	left	1	190	15.202	12498
1	18	294.8088394153952	4	40	10	left	right	0	102	15.235	6695
1	19	745.716114203127	4	40	10	left	left	1	124	15.157	8181
1	20	2584.4806448120908	4	40	10	right	left	0	498	15.161	32847
1	21	1625.4877505001925	4	40	10	left	left	1	696	15.168	45885
1	22	1858.6768851461902	4	40	10	left	left	1	373	15.176	24579
1	23	2227.627475463584	4	40	10	left	left	1	88	15.18	5797
1	24	682.5193220210454	4	40	10	right	right	1	205	15.174	13510
1	25	468.8499466118137	4	40	10	right	left	0	241	15.169	15888
1	26	489.23000145807816	4	40	10	left	left	1	348	15.181	22923
1	27	339.43146078353544	4	40	10	right	right	1	46	15.338	2999
1	28	1050.2447576102604	4	40	10	left	right	0	119	15.144	7858
1	29	1066.5489081868955	4	40	10	left	left	1	236	15.202	15524
1	30	1550.5048864624036	4	40	10	right	right	1	207	15.186	13631
1	31	337.38807089305215	4	40	10	left	left	1	145	15.175	9555
1	32	1317.2875044086877	4	40	10	right	right	1	26	15.43	1685
1	33	1378.9724326756034	4	40	10	left	left	1	26	15.276	1702
1	34	1023.3080911822381	4	40	10	right	right	1	39	15.342	2542
1	35	462.52935556791124	4	40	10	right	right	1	64	15.177	4217
1	36	361.8748853943098	4	40	10	right	right	1	215	15.179	14164
1	37	930.0817193526914	4	40	10	right	right	1	30	15.283	1963
1	38	443.4360900163041	4	40	10	right	right	1	91	15.182	5994
1	39	623.6990328714871	4	40	10	left	right	0	51	15.143	3368
1	40	1112.8713417623221	4	40	10	right	right	1	34	15.185	2239
2	1	481.5224527107346	4	40	10	right	right	1	68	15.295	4446
2	2	1811.6769130897515	4	40	10	right	right	1	63	15.184	4149
2	3	279.38770226938885	4	40	10	left	left	1	45	15.343	2933
2	4	522.9515857202853	4	40	10	right	left	0	50	15.305	3267
2	5	1844.573824805887	4	40	10	right	left	0	23	15.082	1525
2	6	948.0886952286855	4	40	10	right	right	1	178	15.155	11745
2	7	797.2229163349216	4	40	10	left	left	1	175	15.141	11558
2	8	1416.5821878824265	4	40	10	left	left	1	27	15.042	1795
2	9	369.8486204117819	4	40	10	right	right	1	41	15.448	2654
2	10	811.0983878521438	4	40	10	right	right	1	30	15.121	1984
2	11	941.1078274447715	4	40	10	left	left	1	140	15.181	9222
2	12	310.3408391250462	4	40	10	right	right	1	120	15.169	7911
2	13	472.3977444882596	4	40	10	left	right	0	167	15.16	11016
2	14	1314.82543471768	4	40	10	right	right	1	53	15.376	3447
2	15	332.495907798039	4	40	10	right	right	1	103	15.255	6752
2	16	1410.9838680060825	4	40	10	left	left	1	53	15.34	3455
2	17	677.8220513390231	4	40	10	left	right	0	109	15.245	7150
2	18	614.795135199538	4	40	10	left	left	1	77	15.181	5072
2	19	203.33745105302373	4	40	10	left	right	0	131	15.141	8652
2	20	1826.3061698038682	4	40	10	left	left	1	131	15.229	8602
2	21	502.73612585977855	4	40	10	right	right	1	54	15.354	3517
2	22	3354.618779413238	4	40	10	left	right	0	26	15.294	1700
2	23	1307.7163523266358	4	40	10	right	right	1	99	15.257	6489
2	24	691.3411382292262	4	40	10	left	left	1	24	15.066	1593
2	25	464.8748155497574	4	40	10	left	left	1	17	15.596	1090
2	26	477.31550098039554	4	40	10	left	left	1	41	15.472	2650
2	27	448.2861475077537	4	40	10	right	right	1	24	15.18	1581
2	28	356.5023858183451	4	40	10	left	left	1	36	15.497	2323
2	29	440.6980516463369	4	40	10	right	right	1	27	15.58	1733
2	30	837.9705108376531	4	40	10	right	left	0	31	15.617	1985
2	31	644.7451321967801	4	40	10	right	right	1	45	15.48	2907
2	32	2694.930356530181	4	40	10	left	left	1	65	15.208	4274
2	33	208.0059054327083	4	40	10	right	right	1	51	15.265	3341
2	34	389.0347134363635	4	40	10	right	right	1	20	15.291	1308
2	35	273.5247485260117	4	40	10	left	right	0	14	16.092	870
2	36	807.551721010178	4	40	10	right	right	1	41	15.367	2668
2	37	648.1905740169793	4	40	10	right	left	0	45	15.332	2935
2	38	1085.404165730214	4	40	10	left	right	0	52	15.353	3387
2	39	1376.0897812194103	4	40	10	left	left	1	42	15.119	2778
2	40	259.0293211437819	4	40	10	left	left	1	57	15.294	3727
3	1	668.2713259263397	4	40	10	left	left	1	18	15.831	1137
3	2	309.3768649139163	4	40	10	right	right	1	36	15.398	2338
3	3	921.7135811868985	4	40	10	left	right	0	57	15.314	3722
3	4	490.7716940822352	4	40	10	left	right	0	191	15.196	12569
3	5	1273.8414878470574	4	40	10	right	right	1	90	15.309	5879
3	6	324.0495698162439	4	40	10	right	right	1	130	15.237	8532
3	7	3665.2717362975213	4	40	10	right	right	1	102	15.199	6711
3	8	1297.7910848171193	4	40	10	right	right	1	68	15.165	4484
3	9	305.4580521610638	4	40	10	right	right	1	23	15.551	1479
3	10	1089.4699925471766	4	40	10	right	right	1	27	15.16	1781
3	11	1245.1281247976021	4	40	10	right	left	0	69	15.306	4508
3	12	700.5406439980493	4	40	10	right	right	1	132	15.204	8682
3	13	403.34284317426676	4	40	10	right	right	1	99	15.245	6494
3	14	404.7056706722065	4	40	10	right	right	1	32	15.534	2060
3	15	848.3005520417386	4	40	10	left	left	1	22	15.526	1417
3	16	1751.8115981510712	4	40	10	left	right	0	22	15.526	1417
3	17	958.6991276585114	4	40	10	right	right	1	108	15.19	7110
3	18	381.0835036857984	4	40	10	right	right	1	30	15.314	1959
3	19	1407.350607514323	4	40	10	left	right	0	25	15.17	1648
3	20	568.4225244053328	4	40	10	left	left	1	87	15.22	5716
3	21	1295.8632926761434	4	40	10	left	left	1	111	15.228	7289
3	22	1268.1527375319429	4	40	10	right	left	0	103	15.207	6773
3	23	534.7130417481371	4	40	10	left	left	1	158	15.208	10389
3	24	367.53083613205104	4	40	10	right	right	1	48	15.171	3164
3	25	1383.3402910654258	4	40	10	left	right	0	43	15.451	2783
3	26	546.95168181503	4	40	10	right	right	1	160	15.198	10528
3	27	2587.437940848287	4	40	10	right	left	0	157	15.232	10307
3	28	1462.0040915741376	4	40	10	right	right	1	90	15.185	5927
3	29	645.1740451562379	4	40	10	left	right	0	41	15.225	2693
3	30	556.9254765343633	4	40	10	left	left	1	211	15.192	13889
3	31	2546.953670613777	4	40	10	left	left	1	201	15.165	13254
3	32	996.8209995851217	4	40	10	left	left	1	48	15.291	3139
3	33	423.58640719017194	4	40	10	right	right	1	61	15.323	3981
3	34	217.5847307131456	4	40	10	left	left	1	34	15.192	2238
3	35	473.97194603168094	4	40	10	left	left	1	84	15.239	5512
3	36	977.9012695497854	4	40	10	left	left	1	28	15.342	1825
3	37	222.53149008661288	4	40	10	left	left	1	40	15.267	2620
3	38	504.3172382215995	4	40	10	right	right	1	109	15.133	7203
3	39	562.5586619085436	4	40	10	left	left	1	79	15.239	5184
3	40	378.63068305500485	4	40	10	left	left	1	109	15.209	7167
4	1	509.7376836137595	4	40	10	right	right	1	85	15.271	5566
4	2	202.82488609813223	4	40	10	right	right	1	27	15.652	1725
4	3	438.8312423081397	4	40	10	right	right	1	17	15.233	1116
4	4	450.0852046773505	4	40	10	left	left	1	24	15.248	1574
4	5	773.757542880317	4	40	10	left	left	1	24	15.228	1576
4	6	943.122786457694	4	40	10	right	right	1	23	15.71	1464
4	7	390.7079986086326	4	40	10	left	left	1	23	15.488	1485
4	8	892.4694704037659	4	40	10	right	right	1	29	15.409	1882
4	9	340.3355314348235	4	40	10	right	right	1	20	15.175	1318
4	10	212.77697909104543	4	40	10	left	left	1	19	15.127	1256
4	11	325.7186806383893	4	40	10	right	right	1	14	15.982	876
4	12	302.79554886340037	4	40	10	right	right	1	44	15.183	2898
4	13	510.55047550334166	4	40	10	right	right	1	15	15.06	996
4	14	1943.5977780314715	4	40	10	right	right	1	16	15.984	1001
4	15	579.9636645672128	4	40	10	left	left	1	25	15.404	1623
4	16	551.4264923286155	4	40	10	right	right	1	12	15.852	757
4	17	1315.3420023935814	4	40	10	right	right	1	17	15.315	1110
4	18	757.8306026354226	4	40	10	left	left	1	15	15.275	982
4	19	647.4276596426034	4	40	10	right	right	1	14	15.556	900
4	20	479.2588663518761	4	40	10	right	right	1	22	15.352	1433
4	21	628.7314708364607	4	40	10	left	left	1	41	15.501	2645
4	22	248.01668570975968	4	40	10	right	right	1	27	15.263	1769
4	23	228.55094230809578	4	40	10	left	left	1	16	15.399	1039
4	24	273.39165341004286	4	40	10	left	left	1	136	15.196	8950
4	25	1000.766857390164	4	40	10	left	left	1	86	15.227	5648
4	26	2473.6807528488057	4	40	10	right	right	1	19	15.98	1189
4	27	614.997107767017	4	40	10	right	right	1	10	14.903	671
4	28	1343.7437225416886	4	40	10	left	left	1	34	15.253	2229
4	29	1246.9081509199525	4	40	10	left	left	1	30	15.472	1939
4	30	1184.3544523539842	4	40	10	left	left	1	14	15.368	911
4	31	383.8806230437176	4	40	10	left	left	1	29	15.533	1867
4	32	278.06408459677243	4	40	10	left	left	1	17	15.539	1094
4	33	323.61194256070354	4	40	10	right	right	1	18	15.332	1174
4	34	884.9133486143677	4	40	10	left	left	1	34	15.131	2247
4	35	866.2844838924078	4	40	10	right	right	1	21	15.719	1336
4	36	553.023064648502	4	40	10	left	left	1	21	15.141	1387
4	37	235.74608125511503	4	40	10	left	left	1	21	15.328	1370
4	38	343.5554471030043	4	40	10	right	right	1	36	15.504	2322
4	39	1210.3295916504646	4	40	10	left	left	1	24	15.142	1585
4	40	504.9537094551413	4	40	10	left	left	1	19	15.913	1194
