
blkNum	trlNum	randomStimulusOnsetTime	coherentDots	numberofDots	percentCoherence	winningDirection	response	correct	eventCount	averageFrameRate	RT
1	1	1584.3788334555547	4	40	10	right	right	1	196	15.161	12928
1	2	329.1051050769852	4	40	10	left	right	0	77	15.19	5069
1	3	1913.2573823484352	4	40	10	left	right	0	68	15.202	4473
1	4	923.9685014792501	4	40	10	right	right	1	88	15.217	5783
1	5	950.4822949594555	4	40	10	left	right	0	71	15.295	4642
1	6	1256.5444749671278	4	40	10	right	right	1	61	15.193	4015
1	7	391.5889558363991	4	40	10	left	right	0	125	15.179	8235
1	8	825.7400662706069	4	40	10	right	right	1	94	15.25	6164
1	9	334.9429628902121	4	40	10	left	right	0	72	15.228	4728
1	10	2136.481874916054	4	40	10	right	right	1	86	15.165	5671
1	11	537.1578958286609	4	40	10	right	right	1	79	15.157	5212
1	12	3528.1641072390994	4	40	10	right	right	1	68	15.284	4449
1	13	1162.4743297301802	4	40	10	left	right	0	31	15.485	2002
1	14	633.7784324230815	4	40	10	right	left	0	72	15.028	4791
1	15	343.66844758623097	4	40	10	right	right	1	87	15.165	5737
1	16	1305.3799825928006	4	40	10	right	left	0	30	15.275	1964
1	17	439.8507396462851	4	40	10	right	left	0	26	15.634	1663
1	18	679.4509529950874	4	40	10	left	left	1	29	15.255	1901
1	19	1803.156787603896	4	40	10	left	right	0	16	15.209	1052
1	20	1351.5029333999917	4	40	10	right	left	0	21	15.251	1377
1	21	446.1001825899814	4	40	10	left	right	0	18	15.398	1169
1	22	1123.199629455328	4	40	10	left	left	1	18	15.164	1187
1	23	604.1014654350895	4	40	10	left	left	1	32	15.231	2101
1	24	330.6411126430355	4	40	10	right	right	1	28	15.582	1797
1	25	244.87324280019556	4	40	10	right	right	1	28	15.342	1825
1	26	554.6375138273424	4	40	10	left	right	0	16	15.686	1020
1	27	379.3206127069668	4	40	10	left	left	1	17	15.933	1067
1	28	272.56533755426267	4	40	10	right	right	1	14	16.092	870
1	29	769.7273392860527	4	40	10	right	left	0	44	15.23	2889
1	30	766.9026716249018	4	40	10	right	right	1	34	15.413	2206
1	31	494.39768407872356	4	40	10	left	right	0	52	15.272	3405
1	32	2170.217798253253	4	40	10	right	left	0	17	15.371	1106
1	33	536.662081471069	4	40	10	left	right	0	23	15.303	1503
1	34	1097.9947382755445	4	40	10	left	left	1	21	15.464	1358
1	35	886.5795087831193	4	40	10	left	left	1	47	15.24	3084
1	36	463.8296189689798	4	40	10	left	left	1	58	15.303	3790
1	37	276.8155473474226	4	40	10	right	left	0	34	15.589	2181
1	38	1892.8895824147153	4	40	10	left	right	0	20	15.54	1287
1	39	1273.0567975653453	4	40	10	left	left	1	22	15.614	1409
1	40	1312.9670621519617	4	40	10	right	left	0	38	15.194	2501
2	1	587.7377229742447	4	40	10	right	right	1	38	15.391	2469
2	2	406.7810744691143	4	40	10	left	left	1	15	15.69	956
2	3	225.59196426230048	4	40	10	left	right	0	26	15.458	1682
2	4	828.852493528611	4	40	10	right	left	0	18	15.177	1186
2	5	328.7611938943619	4	40	10	left	left	1	17	15.233	1116
2	6	1620.810634704395	4	40	10	right	right	1	32	15.474	2068
2	7	420.1072901406665	4	40	10	right	left	0	29	15.575	1862
2	8	918.635751092142	4	40	10	right	right	1	47	15.324	3067
2	9	1025.9145970473949	4	40	10	left	left	1	61	15.327	3980
2	10	918.786485716485	4	40	10	left	left	1	36	15.164	2374
2	11	1028.7101438861205	4	40	10	right	left	0	84	15.215	5521
2	12	1069.1424886232487	4	40	10	right	right	1	19	15.36	1237
2	13	756.4233210346296	4	40	10	right	right	1	84	15.193	5529
2	14	3742.7447354907954	4	40	10	left	left	1	19	15.176	1252
2	15	753.307982017323	4	40	10	right	right	1	34	15.308	2221
2	16	261.99002419348403	4	40	10	left	left	1	24	15.544	1544
2	17	1032.7169306860455	4	40	10	left	right	0	30	15.4	1948
2	18	576.6706494598591	4	40	10	left	left	1	67	15.176	4415
2	19	1314.6234666486857	4	40	10	right	left	0	58	15.328	3784
2	20	1759.6084077556911	4	40	10	left	right	0	71	15.345	4627
2	21	1226.7657034816446	4	40	10	right	left	0	28	15.376	1821
2	22	393.56386044257613	4	40	10	right	right	1	54	15.19	3555
2	23	292.3059287141766	4	40	10	left	right	0	32	15.253	2098
2	24	572.9393803922702	4	40	10	left	left	1	59	15.337	3847
2	25	1145.3814144795379	4	40	10	right	right	1	64	15.159	4222
2	26	1177.2627264826115	4	40	10	left	left	1	79	15.172	5207
2	27	531.1431822565908	4	40	10	right	left	0	72	15.267	4716
2	28	554.9406799080625	4	40	10	left	right	0	77	15.323	5025
2	29	721.0981070372846	4	40	10	right	right	1	45	15.285	2944
2	30	296.34481440252705	4	40	10	right	left	0	48	15.267	3144
2	31	649.1269703982778	4	40	10	left	left	1	101	15.282	6609
2	32	896.4038740476292	4	40	10	right	right	1	75	15.185	4939
2	33	587.4132487567173	4	40	10	right	left	0	54	15.203	3552
2	34	278.7656181675249	4	40	10	right	right	1	55	15.274	3601
2	35	921.211611576457	4	40	10	left	right	0	82	15.227	5385
2	36	403.3040896010966	4	40	10	left	left	1	59	15.074	3914
2	37	1210.053351044055	4	40	10	right	right	1	112	15.28	7330
2	38	978.3593997995418	4	40	10	left	left	1	56	15.176	3690
2	39	220.34921346410033	4	40	10	left	right	0	77	15.184	5071
2	40	2098.8335864400005	4	40	10	left	right	0	64	15.333	4174
3	1	267.5894776096019	4	40	10	left	left	1	86	15.176	5667
3	2	584.1552840804935	4	40	10	left	right	0	100	15.165	6594
3	3	906.951255952002	4	40	10	left	left	1	68	15.196	4475
3	4	782.0914566742736	4	40	10	left	left	1	59	15.198	3882
3	5	717.1703881852619	4	40	10	right	left	0	138	15.245	9052
3	6	465.72264297176696	4	40	10	left	right	0	35	15.371	2277
3	7	329.0277773428877	4	40	10	right	right	1	54	15.203	3552
3	8	695.5210197340493	4	40	10	left	left	1	62	15.207	4077
3	9	288.17051250565686	4	40	10	right	right	1	92	15.232	6040
3	10	721.725119106313	4	40	10	right	left	0	74	15.248	4853
3	11	1376.549219928178	4	40	10	right	left	0	53	15.186	3490
3	12	1753.0733674993676	4	40	10	right	right	1	26	15.495	1678
3	13	458.88927577878115	4	40	10	right	left	0	96	15.18	6324
3	14	1286.235401116005	4	40	10	right	right	1	66	15.295	4315
3	15	255.33255106612782	4	40	10	right	right	1	70	15.317	4570
3	16	1547.5334881873848	4	40	10	right	left	0	79	15.189	5201
3	17	947.5929925072655	4	40	10	right	left	0	53	15.191	3489
3	18	940.4572134071137	4	40	10	right	left	0	92	15.272	6024
3	19	3061.2895607907335	4	40	10	right	right	1	43	15.194	2830
3	20	756.2183026735225	4	40	10	left	right	0	72	15.174	4745
3	21	681.4066035844122	4	40	10	right	right	1	73	15.183	4808
3	22	501.9138552290563	4	40	10	left	left	1	50	15.375	3252
3	23	308.13846854081936	4	40	10	right	left	0	70	15.237	4594
3	24	620.7375269418512	4	40	10	left	right	0	83	15.171	5471
3	25	467.6480604526694	4	40	10	left	left	1	86	15.21	5654
3	26	715.808730974926	4	40	10	left	right	0	77	15.19	5069
3	27	551.8266199888117	4	40	10	left	left	1	52	15.407	3375
3	28	391.37441577860375	4	40	10	right	right	1	23	15.572	1477
3	29	733.5771183140995	4	40	10	left	right	0	31	15.554	1993
3	30	295.42876592247075	4	40	10	left	left	1	33	15.257	2163
3	31	262.7629830150753	4	40	10	left	right	0	105	15.248	6886
3	32	809.0820933790928	4	40	10	right	left	0	41	15.163	2704
3	33	556.4012155946832	4	40	10	right	right	1	150	15.227	9851
3	34	855.7518809700209	4	40	10	left	right	0	47	15.319	3068
3	35	1529.7144606611553	4	40	10	right	right	1	26	15.385	1690
3	36	744.8036254243103	4	40	10	right	right	1	45	15.448	2913
3	37	926.9334857355594	4	40	10	left	right	0	33	15.2	2171
3	38	233.04601558773123	4	40	10	left	right	0	30	15.369	1952
3	39	452.8403027484231	4	40	10	left	right	0	95	15.224	6240
3	40	2313.53896478554	4	40	10	left	left	1	42	15.217	2760
4	1	295.78415566135334	4	40	10	left	left	1	68	15.295	4446
4	2	978.9636218028625	4	40	10	left	left	1	63	15.351	4104
4	3	1914.5344332593827	4	40	10	right	left	0	25	15.394	1624
4	4	900.6493489722441	4	40	10	right	right	1	18	15.152	1188
4	5	567.7546827755705	4	40	10	left	right	0	16	15.842	1010
4	6	262.7942121672618	4	40	10	left	left	1	22	15.183	1449
4	7	336.21652032186796	4	40	10	left	right	0	36	15.228	2364
4	8	649.271245060371	4	40	10	right	left	0	26	15.541	1673
4	9	2117.4488230184834	4	40	10	left	right	0	47	15.435	3045
4	10	280.75634065660154	4	40	10	right	right	1	48	15.219	3154
4	11	1227.9963236082835	4	40	10	left	right	0	17	15.371	1106
4	12	1129.351059429261	4	40	10	right	right	1	17	15.247	1115
4	13	826.0721412478988	4	40	10	left	right	0	23	14.974	1536
4	14	258.443879239873	4	40	10	left	left	1	15	15.823	948
4	15	2868.6132520055553	4	40	10	left	right	0	39	15.427	2528
4	16	1314.8598523664316	4	40	10	right	right	1	33	15.537	2124
4	17	563.8202295294072	4	40	10	right	left	0	37	15.397	2403
4	18	571.696542036806	4	40	10	left	right	0	34	15.483	2196
4	19	1998.6110979720377	4	40	10	left	left	1	19	15.9	1195
4	20	1104.7972972517227	4	40	10	left	right	0	20	15.232	1313
4	21	1142.8777796149584	4	40	10	right	left	0	60	15.232	3939
4	22	732.3388610069906	4	40	10	right	right	1	52	15.24	3412
4	23	2725.473285487612	4	40	10	left	left	1	17	15.192	1119
4	24	345.47667293021254	4	40	10	right	right	1	27	15.625	1728
4	25	1189.7968937142746	4	40	10	right	right	1	61	15.174	4020
4	26	1184.6001510750666	4	40	10	right	right	1	19	15.472	1228
4	27	1814.7642467399003	4	40	10	left	right	0	41	15.379	2666
4	28	1030.040908770095	4	40	10	right	left	0	23	15.232	1510
4	29	1115.7647278936686	4	40	10	right	right	1	37	15.152	2442
4	30	2644.464779501515	4	40	10	left	left	1	26	15.276	1702
4	31	2028.13269138864	4	40	10	right	right	1	18	14.963	1203
4	32	907.0393797131743	4	40	10	right	left	0	30	15.393	1949
4	33	795.3128861427335	4	40	10	left	right	0	21	15.184	1383
4	34	207.21358103611115	4	40	10	right	left	0	15	16.146	929
4	35	1587.6060174733425	4	40	10	right	right	1	22	15.395	1429
4	36	653.283566606392	4	40	10	left	left	1	21	15.579	1348
4	37	431.214261977545	4	40	10	right	right	1	39	15.33	2544
4	38	1109.151379246147	4	40	10	right	left	0	29	15.239	1903
4	39	1469.5810610023939	4	40	10	left	left	1	21	15.648	1342
4	40	550.4807549328805	4	40	10	left	left	1	19	15.548	1222
