
blkNum	trlNum	randomStimulusOnsetTime	coherentDots	numberofDots	percentCoherence	winningDirection	response	correct	eventCount	averageFrameRate	RT
1	1	770.6228918325492	4	40	10	left	left	1	62	15.211	4076
1	2	530.8019964740618	4	40	10	right	right	1	41	15.431	2657
1	3	375.3235321641608	4	40	10	left	right	0	30	15.496	1936
1	4	466.0614207895696	4	40	10	left	right	0	38	15.304	2483
1	5	967.172974657552	4	40	10	right	left	0	38	15.2	2500
1	6	735.7656739056426	4	40	10	right	left	0	63	15.232	4136
1	7	1864.0010862124195	4	40	10	right	left	0	43	15.2	2829
1	8	2005.0106348151835	4	40	10	left	right	0	43	15.379	2796
1	9	913.6640043688453	4	40	10	right	left	0	61	15.277	3993
1	10	866.6805888572394	4	40	10	right	right	1	81	15.206	5327
1	11	517.2599147612391	4	40	10	right	right	1	24	15.554	1543
1	12	332.56533416040514	4	40	10	left	right	0	22	15.141	1453
1	13	1075.9732476122886	4	40	10	left	right	0	38	15.176	2504
1	14	331.1141264949772	4	40	10	right	left	0	22	15.449	1424
1	15	965.0152582900854	4	40	10	left	left	1	28	15.184	1844
1	16	659.8157331141963	4	40	10	left	left	1	17	15.26	1114
1	17	846.2724027447539	4	40	10	left	left	1	24	15.142	1585
1	18	1275.7301568510638	4	40	10	left	right	0	30	15.536	1931
1	19	1343.7654832472504	4	40	10	right	right	1	36	15.19	2370
1	20	1190.0048829245357	4	40	10	left	left	1	52	15.263	3407
1	21	350.558062808728	4	40	10	left	left	1	16	15.81	1012
1	22	686.0414411112357	4	40	10	right	left	0	42	15.301	2745
1	23	804.5198669179408	4	40	10	left	left	1	32	15.377	2081
1	24	4099.1517858844945	4	40	10	left	left	1	32	15.451	2071
1	25	826.6058321227971	4	40	10	left	left	1	24	15.326	1566
1	26	296.59766835586294	4	40	10	right	left	0	19	15.677	1212
1	27	614.8509198652894	4	40	10	right	right	1	28	15.41	1817
1	28	2376.4074508898966	4	40	10	right	left	0	19	15.298	1242
1	29	279.83293866708965	4	40	10	left	left	1	44	15.401	2857
1	30	352.0441239673718	4	40	10	right	left	0	53	15.221	3482
1	31	620.5281474889041	4	40	10	right	right	1	29	15.541	1866
1	32	362.9177266213587	4	40	10	right	right	1	5	16.667	300
1	33	279.38930849383996	4	40	10	right	right	1	22	15.183	1449
1	34	553.1788125984497	4	40	10	left	right	0	18	15.557	1157
1	35	438.88019080858345	4	40	10	right	left	0	16	15.702	1019
1	36	508.2807890694565	4	40	10	left	left	1	17	15.977	1064
1	37	1293.3072675456758	4	40	10	right	left	0	17	15.315	1110
1	38	1559.3228401782233	4	40	10	left	right	0	13	15.33	848
1	39	810.9925894843309	4	40	10	right	right	1	27	15.385	1755
1	40	421.34976186221166	4	40	10	left	right	0	17	15.683	1084
2	1	1845.546798774816	4	40	10	left	left	1	32	15.459	2070
2	2	429.35117483001574	4	40	10	right	left	0	23	15.303	1503
2	3	635.7717826100609	4	40	10	right	right	1	29	15.525	1868
2	4	825.8892031117886	4	40	10	left	right	0	18	15.859	1135
2	5	667.7280619141595	4	40	10	left	right	0	26	15.348	1694
2	6	773.993187460132	4	40	10	right	right	1	13	15.476	840
2	7	739.4037091124779	4	40	10	left	right	0	30	15.393	1949
2	8	1502.5046419998105	4	40	10	right	right	1	16	15.267	1048
2	9	880.3195128999954	4	40	10	left	left	1	25	15.596	1603
2	10	361.2712509472476	4	40	10	right	right	1	20	15.564	1285
2	11	387.95104570345165	4	40	10	left	left	1	17	15.165	1121
2	12	1114.0401713624633	4	40	10	left	right	0	15	15.198	987
2	13	543.8503647533227	4	40	10	right	left	0	17	15.525	1095
2	14	442.8011162663538	4	40	10	right	left	0	49	15.336	3195
2	15	1479.6095939493694	4	40	10	left	right	0	14	15.368	911
2	16	387.31793103584835	4	40	10	right	left	0	12	15.209	789
2	17	625.3280687595634	4	40	10	right	left	0	15	15.496	968
2	18	553.9918749738192	4	40	10	right	left	0	16	15.656	1022
2	19	2358.332593967728	4	40	10	left	left	1	26	15.357	1693
2	20	367.5111006041982	4	40	10	left	right	0	29	15.558	1864
2	21	885.7821475026358	4	40	10	left	right	0	25	15.235	1641
2	22	664.4826362089523	4	40	10	right	right	1	21	15.162	1385
2	23	777.072013713438	4	40	10	left	left	1	16	15.61	1025
2	24	1106.7006258962235	4	40	10	right	left	0	20	15.373	1301
2	25	594.169946893446	4	40	10	left	right	0	14	15.487	904
2	26	492.40955333844084	4	40	10	right	right	1	15	15.322	979
2	27	687.6766479351566	4	40	10	left	right	0	16	15.414	1038
2	28	221.8799429553509	4	40	10	right	right	1	28	15.209	1841
2	29	1633.6594421210457	4	40	10	left	right	0	12	15.727	763
2	30	735.6757688540919	4	40	10	left	right	0	23	15.646	1470
2	31	1160.1764895136876	4	40	10	right	right	1	13	15.682	829
2	32	785.7641514464954	4	40	10	right	left	0	33	15.172	2175
2	33	325.2211261384099	4	40	10	right	right	1	33	15.207	2170
2	34	1674.0741975497383	4	40	10	left	right	0	23	15.478	1486
2	35	797.8797266841773	4	40	10	left	right	0	16	15.414	1038
2	36	313.03560962310263	4	40	10	left	right	0	11	16.105	683
2	37	422.3588574470355	4	40	10	right	right	1	14	15.538	901
2	38	765.7930670070264	4	40	10	left	right	0	19	15.702	1210
2	39	208.36399058479964	4	40	10	right	right	1	37	15.475	2391
2	40	311.7414674529368	4	40	10	right	left	0	50	15.333	3261
3	1	225.16946206003092	4	40	10	left	left	1	18	15.28	1178
3	2	1362.293568804429	4	40	10	left	left	1	14	15.801	886
3	3	922.6935022468751	4	40	10	left	right	0	26	15.385	1690
3	4	734.730737406279	4	40	10	left	left	1	14	15.334	913
3	5	498.73599568686114	4	40	10	right	right	1	34	15.518	2191
3	6	452.0000475535678	4	40	10	right	left	0	37	15.385	2405
3	7	924.4434083984257	4	40	10	right	right	1	28	15.334	1826
3	8	522.092622106818	4	40	10	left	left	1	22	15.278	1440
3	9	2040.1119156330412	4	40	10	right	right	1	28	15.359	1823
3	10	543.9155806222864	4	40	10	right	left	0	26	15.412	1687
3	11	1334.676455712633	4	40	10	right	right	1	20	15.637	1279
3	12	2464.1154554808395	4	40	10	left	left	1	24	15.199	1579
3	13	1952.1103197472523	4	40	10	left	left	1	33	15.214	2169
3	14	1658.6120805858475	4	40	10	right	left	0	22	15.428	1426
3	15	406.3123091923208	4	40	10	left	right	0	30	15.512	1934
3	16	962.1333119031634	4	40	10	left	left	1	14	15.713	891
3	17	1490.0784947944846	4	40	10	right	right	1	32	15.422	2075
3	18	755.0482115239337	4	40	10	right	left	0	20	15.221	1314
3	19	206.60981119278512	4	40	10	right	right	1	20	15.349	1303
3	20	711.7938026127279	4	40	10	left	left	1	15	15.839	947
3	21	1654.5358380491084	4	40	10	left	left	1	16	15.37	1041
3	22	1139.4097917326828	4	40	10	left	left	1	20	15.361	1302
3	23	982.5796758922731	4	40	10	left	right	0	22	15.342	1434
3	24	932.0493415856108	4	40	10	left	left	1	12	16	750
3	25	850.091614427903	4	40	10	right	right	1	26	15.267	1703
3	26	840.03054659667	4	40	10	right	left	0	21	15.239	1378
3	27	851.644328598925	4	40	10	right	right	1	18	15.164	1187
3	28	1323.3229466600644	4	40	10	right	right	1	15	15.641	959
3	29	368.7775484242467	4	40	10	right	left	0	19	15.372	1236
3	30	412.18777094141853	4	40	10	right	right	1	22	15.331	1435
3	31	1953.9745683258786	4	40	10	left	right	0	18	15.748	1143
3	32	1515.0137643094454	4	40	10	left	left	1	29	15.183	1910
3	33	715.7921009075187	4	40	10	right	left	0	15	15.56	964
3	34	1034.105742965384	4	40	10	left	right	0	33	15.257	2163
3	35	2057.6978306544097	4	40	10	right	left	0	18	15.584	1155
3	36	545.1133595972635	4	40	10	left	left	1	29	15.525	1868
3	37	240.35805581653037	4	40	10	right	left	0	27	15.376	1756
3	38	549.523551493513	4	40	10	left	left	1	37	15.158	2441
3	39	649.6501212656408	4	40	10	right	left	0	28	15.342	1825
3	40	745.4457700652484	4	40	10	left	left	1	23	15.657	1469
4	1	2709.45939655601	4	40	10	right	right	1	20	15.175	1318
4	2	933.2135735627378	4	40	10	right	right	1	13	15.912	817
4	3	251.0100560792089	4	40	10	right	left	0	45	15.437	2915
4	4	1326.046743073125	4	40	10	left	right	0	27	15.553	1736
4	5	1016.0986652334445	4	40	10	right	right	1	1	15.873	63
4	6	438.61228696586033	4	40	10	left	right	0	22	15.374	1431
4	7	567.1152193132544	4	40	10	left	right	0	12	15.789	760
4	8	750.5562414504504	4	40	10	right	right	1	24	15.219	1577
4	9	1297.0390489231065	4	40	10	right	right	1	11	16.105	683
4	10	2760.9616438115513	4	40	10	left	right	0	17	15.511	1096
4	11	1060.428967490741	4	40	10	right	right	1	24	15.277	1571
4	12	751.9899733788666	4	40	10	right	right	1	33	15.522	2126
4	13	398.91133845241075	4	40	10	left	right	0	17	14.567	1167
4	14	266.52304440393635	4	40	10	left	right	0	17	15.962	1065
4	15	1350.3340334094476	4	40	10	left	right	0	13	15.222	854
4	16	647.3074174719723	4	40	10	right	left	0	10	16.155	619
4	17	1885.7214613285616	4	40	10	right	left	0	22	15.548	1415
4	18	1320.70999577313	4	40	10	left	left	1	32	15.333	2087
4	19	1377.4460428090033	4	40	10	right	left	0	16	15.267	1048
4	20	211.31974661371424	4	40	10	right	right	1	15	15.69	956
4	21	220.55799602118117	4	40	10	left	right	0	29	15.558	1864
4	22	969.3264838267244	4	40	10	left	left	1	23	15.364	1497
4	23	1110.2143830405134	4	40	10	right	left	0	35	15.419	2270
4	24	773.6115356718991	4	40	10	left	left	1	25	15.586	1604
4	25	250.9839207873752	4	40	10	left	right	0	37	15.527	2383
4	26	1313.8883562744688	4	40	10	left	right	0	33	15.566	2120
4	27	508.1175245052317	4	40	10	left	right	0	27	15.429	1750
4	28	324.3072768588844	4	40	10	left	right	0	23	15.572	1477
4	29	764.3133071438808	4	40	10	right	right	1	30	15.221	1971
4	30	352.2278935893408	4	40	10	right	right	1	37	15.183	2437
4	31	277.63332334497466	4	40	10	right	right	1	47	15.37	3058
4	32	491.33203599416527	4	40	10	left	right	0	32	15.437	2073
4	33	741.5711717581949	4	40	10	right	right	1	12	15.504	774
4	34	1216.9222216551232	4	40	10	right	left	0	23	15.262	1507
4	35	397.7478651883525	4	40	10	left	left	1	16	15.717	1018
4	36	721.2010905833305	4	40	10	left	left	1	18	15.845	1136
4	37	254.08377004410585	4	40	10	left	left	1	30	15.472	1939
4	38	1579.5635084901035	4	40	10	right	left	0	23	15.142	1519
4	39	516.9189273663553	4	40	10	right	left	0	13	16.149	805
4	40	2514.247359718045	4	40	10	left	left	1	9	16.393	549
