
blkNum	trlNum	randomStimulusOnsetTime	coherentDots	numberofDots	percentCoherence	winningDirection	response	correct	eventCount	averageFrameRate	RT
1	1	1572.737480608115	4	40	10	left	left	1	143	15.193	9412
1	2	439.137132193154	4	40	10	right	right	1	71	15.285	4645
1	3	290.37415830568466	4	40	10	right	left	0	102	15.199	6711
1	4	494.84330933168394	4	40	10	right	left	0	111	15.125	7339
1	5	841.4719942338121	4	40	10	right	left	0	69	15.303	4509
1	6	236.3113186945923	4	40	10	left	right	0	92	15.202	6052
1	7	1484.876785588037	4	40	10	right	left	0	76	15.164	5012
1	8	746.8519867024471	4	40	10	right	left	0	113	15.131	7468
1	9	1605.4239321779814	4	40	10	left	left	1	72	15.155	4751
1	10	214.6600403407777	4	40	10	right	right	1	81	15.226	5320
1	11	708.1579916042552	4	40	10	left	left	1	83	15.232	5449
1	12	324.16781790255356	4	40	10	right	left	0	106	15.147	6998
1	13	872.7168439670673	4	40	10	right	left	0	97	15.133	6410
1	14	556.0382673509938	4	40	10	left	left	1	72	15.3	4706
1	15	803.1299687848959	4	40	10	left	left	1	64	15.13	4230
1	16	270.7255354798034	4	40	10	left	right	0	70	15.314	4571
1	17	472.9828074064376	4	40	10	left	right	0	93	15.184	6125
1	18	748.2294331492327	4	40	10	left	left	1	73	15.221	4796
1	19	487.03768946769116	4	40	10	right	right	1	51	15.161	3364
1	20	426.82060883423594	4	40	10	right	right	1	44	15.225	2890
1	21	444.5504622188038	4	40	10	right	right	1	80	15.157	5278
1	22	577.5128723524222	4	40	10	right	right	1	68	15.158	4486
1	23	440.7311732419949	4	40	10	left	right	0	56	15.172	3691
1	24	591.4989659184201	4	40	10	right	right	1	38	15.237	2494
1	25	772.8648374584455	4	40	10	right	left	0	78	15.237	5119
1	26	672.9042770070951	4	40	10	left	right	0	33	15.048	2193
1	27	1012.9274526158804	4	40	10	right	right	1	65	15.305	4247
1	28	823.6450174168405	4	40	10	left	right	0	62	15.263	4062
1	29	1062.3986812233843	4	40	10	right	right	1	24	15.375	1561
1	30	1491.9224276105828	4	40	10	right	right	1	52	15.169	3428
1	31	401.33807900486226	4	40	10	left	left	1	23	15.467	1487
1	32	682.4193590671587	4	40	10	left	left	1	38	15.176	2504
1	33	288.41379619237165	4	40	10	left	left	1	56	15.296	3661
1	34	209.9763354335732	4	40	10	left	right	0	39	15.128	2578
1	35	3228.5589171420233	4	40	10	left	right	0	51	15.161	3364
1	36	615.002437093198	4	40	10	right	right	1	46	15.333	3000
1	37	320.4075654857798	4	40	10	left	left	1	29	15.12	1918
1	38	2185.0071958192993	4	40	10	left	right	0	27	15.194	1777
1	39	2906.7615407321887	4	40	10	left	right	0	37	15.41	2401
1	40	2908.2556806655143	4	40	10	right	right	1	38	15.224	2496
2	1	868.3593310967335	4	40	10	right	right	1	30	15.075	1990
2	2	1064.0150152179574	4	40	10	left	right	0	34	15.413	2206
2	3	1134.3939510316195	4	40	10	right	right	1	14	15.184	922
2	4	271.83267070720143	4	40	10	right	right	1	31	15.5	2000
2	5	238.73249282499887	4	40	10	left	left	1	32	15.385	2080
2	6	484.23613070198695	4	40	10	left	right	0	34	15.104	2251
2	7	259.89328469320276	4	40	10	right	right	1	43	15.357	2800
2	8	751.7934232543913	4	40	10	left	right	0	35	15.271	2292
2	9	366.46205821153165	4	40	10	left	right	0	39	15.169	2571
2	10	578.2691098657922	4	40	10	left	left	1	49	15.298	3203
2	11	1387.2379430284377	4	40	10	left	left	1	26	15.134	1718
2	12	470.6495541813907	4	40	10	left	left	1	31	15.331	2022
2	13	635.0799645873805	4	40	10	right	right	1	34	15.158	2243
2	14	2695.2655474988855	4	40	10	right	right	1	22	15.172	1450
2	15	1769.5686661233007	4	40	10	left	left	1	41	15.112	2713
2	16	1048.2516487365917	4	40	10	right	left	0	35	15.264	2293
2	17	215.37621451111084	4	40	10	left	left	1	25	15.207	1644
2	18	2799.023942267797	4	40	10	right	right	1	19	15.612	1217
2	19	943.2809008808014	4	40	10	left	right	0	21	15.407	1363
2	20	1181.904736359675	4	40	10	right	right	1	23	15.182	1515
2	21	413.92057106807465	4	40	10	left	left	1	33	15.214	2169
2	22	263.5537383015331	4	40	10	left	right	0	28	15.292	1831
2	23	953.7436660100651	4	40	10	left	right	0	27	15.177	1779
2	24	413.23546426295615	4	40	10	left	left	1	22	15.625	1408
2	25	1179.403320615032	4	40	10	right	left	0	31	15.485	2002
2	26	294.9354316640759	4	40	10	left	right	0	18	15.803	1139
2	27	1171.5160225711106	4	40	10	left	right	0	35	15.165	2308
2	28	449.0488999147509	4	40	10	right	left	0	19	15.523	1224
2	29	1315.33954595436	4	40	10	right	right	1	60	15.279	3927
2	30	225.5705436125726	4	40	10	right	left	0	32	15.166	2110
2	31	891.4710727386154	4	40	10	right	right	1	42	15.195	2764
2	32	248.11162434753731	4	40	10	right	left	0	19	15.36	1237
2	33	610.2739305323315	4	40	10	left	right	0	15	15.385	975
2	34	2476.0608371852272	4	40	10	right	right	1	60	15.283	3926
2	35	320.30732808072287	4	40	10	left	right	0	58	15.299	3791
2	36	1587.3977954757238	4	40	10	right	right	1	31	15.286	2028
2	37	592.4326178665472	4	40	10	right	right	1	36	15.088	2386
2	38	1538.8654526172763	4	40	10	right	right	1	29	15.073	1924
2	39	630.0389167271287	4	40	10	left	right	0	19	15.728	1208
2	40	1500.4840826521583	4	40	10	right	right	1	48	15.142	3170
3	1	1644.5434835503838	4	40	10	right	right	1	16	15.094	1060
3	2	246.00994832498247	4	40	10	right	right	1	19	15.164	1253
3	3	281.2968097852781	4	40	10	left	left	1	18	15.652	1150
3	4	331.12062740795136	4	40	10	left	right	0	23	15.797	1456
3	5	276.76688932203706	4	40	10	left	right	0	26	14.994	1734
3	6	907.6146594681031	4	40	10	right	right	1	33	15.278	2160
3	7	379.0876025909713	4	40	10	left	right	0	26	15.653	1661
3	8	458.58306496286457	4	40	10	right	right	1	16	15.579	1027
3	9	1712.3235807711962	4	40	10	right	right	1	33	15.228	2167
3	10	333.76459890557203	4	40	10	right	right	1	26	15.294	1700
3	11	2324.233211158078	4	40	10	right	left	0	29	15.239	1903
3	12	984.2127348969922	4	40	10	left	left	1	48	15.238	3150
3	13	2722.565561674304	4	40	10	right	left	0	40	15.18	2635
3	14	397.3425615987044	4	40	10	left	right	0	50	15.239	3281
3	15	319.01353559468	4	40	10	right	right	1	11	15.449	712
3	16	846.4176838549354	4	40	10	left	left	1	32	15.166	2110
3	17	475.88073201294116	4	40	10	right	left	0	33	15.193	2172
3	18	317.14147377707377	4	40	10	right	right	1	13	15.796	823
3	19	366.9558653201392	4	40	10	left	right	0	14	15.677	893
3	20	610.8986012693928	4	40	10	left	left	1	25	15.152	1650
3	21	1087.5115039978197	4	40	10	left	left	1	26	15.653	1661
3	22	390.201071359671	4	40	10	right	left	0	15	15.306	980
3	23	592.7459292514311	4	40	10	right	right	1	44	15.146	2905
3	24	1268.0158558782097	4	40	10	left	left	1	40	15.157	2639
3	25	1169.6938298738016	4	40	10	left	right	0	13	15.815	822
3	26	258.70415305535846	4	40	10	right	left	0	20	15.129	1322
3	27	1372.727137117173	4	40	10	left	right	0	29	15.312	1894
3	28	483.38180011468824	4	40	10	right	right	1	31	15.485	2002
3	29	577.914797534605	4	40	10	right	left	0	48	15.345	3128
3	30	703.1230726929191	4	40	10	right	right	1	24	15.142	1585
3	31	1514.2732021599631	4	40	10	right	right	1	22	15.692	1402
3	32	1147.8330880576936	4	40	10	left	left	1	40	15.444	2590
3	33	841.1516747530077	4	40	10	left	right	0	24	15.257	1573
3	34	613.5066247268648	4	40	10	right	right	1	36	15.241	2362
3	35	276.3581074581225	4	40	10	left	right	0	21	15.162	1385
3	36	1195.073641871421	4	40	10	left	right	0	25	15.499	1613
3	37	765.8085088846064	4	40	10	left	right	0	15	15.789	950
3	38	4316.6385799725385	4	40	10	left	left	1	28	15.436	1814
3	39	685.1089441687183	4	40	10	left	left	1	32	15.399	2078
3	40	304.5342882460723	4	40	10	right	left	0	34	14.991	2268
4	1	1101.6895129699928	4	40	10	left	right	0	24	15.238	1575
4	2	236.28904251129651	4	40	10	right	left	0	19	15.127	1256
4	3	441.29959794740705	4	40	10	left	right	0	24	15.19	1580
4	4	723.9897870467215	4	40	10	right	left	0	30	15.322	1958
4	5	1095.0099516561042	4	40	10	right	right	1	39	15.187	2568
4	6	990.7759262697114	4	40	10	left	right	0	32	15.392	2079
4	7	488.19864097055875	4	40	10	right	right	1	26	15.012	1732
4	8	212.09900641544354	4	40	10	left	right	0	17	15.018	1132
4	9	602.3431078415236	4	40	10	right	left	0	24	15.534	1545
4	10	1349.1749163145712	4	40	10	left	right	0	23	15.222	1511
4	11	273.3007528533491	4	40	10	left	left	1	6	14.388	417
4	12	229.43509214322515	4	40	10	right	right	1	24	15.094	1590
4	13	2015.2189641609654	4	40	10	right	right	1	25	15.188	1646
4	14	1235.1430114904926	4	40	10	left	left	1	21	15.533	1352
4	15	1113.1748589305275	4	40	10	left	left	1	34	15.49	2195
4	16	703.3357997421923	4	40	10	right	right	1	29	15.12	1918
4	17	1695.9875848587705	4	40	10	right	right	1	27	15.271	1768
4	18	1669.9680992397507	4	40	10	right	left	0	21	15.59	1347
4	19	253.6807990862678	4	40	10	right	right	1	24	15.287	1570
4	20	305.5904731532262	4	40	10	right	right	1	13	15.222	854
4	21	444.35661235438135	4	40	10	left	left	1	17	15.426	1102
4	22	3058.345003430952	4	40	10	left	left	1	48	15.287	3140
4	23	940.1401453494375	4	40	10	left	right	0	26	15.449	1683
4	24	430.5185282036438	4	40	10	left	left	1	24	15.056	1594
4	25	1128.5994649593706	4	40	10	left	left	1	25	15.253	1639
4	26	1315.9342936236312	4	40	10	right	right	1	25	15.179	1647
4	27	785.6949431413328	4	40	10	left	left	1	30	15.198	1974
4	28	441.86967664901874	4	40	10	left	right	0	39	15.318	2546
4	29	830.8125704954625	4	40	10	right	right	1	17	15.071	1128
4	30	575.1509937075616	4	40	10	right	left	0	37	15.195	2435
4	31	246.05562273522796	4	40	10	left	right	0	37	15.264	2424
4	32	1342.858859376535	4	40	10	right	right	1	15	15.075	995
4	33	1865.5267930039442	4	40	10	right	right	1	21	15.385	1365
4	34	1404.8871778521825	4	40	10	right	left	0	15	15.306	980
4	35	784.882524289812	4	40	10	left	left	1	24	14.991	1601
4	36	388.9418410745261	4	40	10	left	left	1	15	15.182	988
4	37	379.1466316784424	4	40	10	left	left	1	13	15.951	815
4	38	219.07356001762352	4	40	10	right	left	0	18	15.531	1159
4	39	1242.6979862008845	4	40	10	left	left	1	18	15.063	1195
4	40	277.235931305205	4	40	10	right	right	1	15	15.773	951
