
blkNum	trlNum	randomStimulusOnsetTime	coherentDots	numberofDots	percentCoherence	winningDirection	response	correct	eventCount	averageFrameRate	RT
1	1	499.82319777451363	4	40	10	right	left	0	323	15.158	21309
1	2	362.77920699241963	4	40	10	right	right	1	45	15.353	2931
1	3	837.6997347151062	4	40	10	right	right	1	56	15.127	3702
1	4	1180.1710580040667	4	40	10	left	left	1	60	15.182	3952
1	5	476.05520142574266	4	40	10	right	left	0	61	15.106	4038
1	6	222.46957570878453	4	40	10	left	right	0	66	15.197	4343
1	7	1419.7956993884067	4	40	10	left	left	1	83	15.199	5461
1	8	702.7858230855655	4	40	10	right	left	0	119	15.182	7838
1	9	440.070070240919	4	40	10	right	right	1	147	15.152	9702
1	10	1051.520991112266	4	40	10	left	right	0	50	15.249	3279
1	11	308.1096023196403	4	40	10	left	right	0	28	15.599	1795
1	12	318.7101072175232	4	40	10	left	right	0	43	15.335	2804
1	13	553.5520780080723	4	40	10	right	right	1	48	15.19	3160
1	14	391.07658332224514	4	40	10	left	left	1	93	15.211	6114
1	15	255.0895878907751	4	40	10	left	left	1	62	15.177	4085
1	16	2414.1362686241664	4	40	10	left	right	0	56	15.16	3694
1	17	1312.932246187427	4	40	10	right	right	1	93	15.149	6139
1	18	384.33936792516374	4	40	10	right	right	1	62	15.189	4082
1	19	1115.8433743759287	4	40	10	right	right	1	25	15.179	1647
1	20	767.0695781425238	4	40	10	right	right	1	47	15.21	3090
1	21	1009.0693167806122	4	40	10	left	left	1	46	15.257	3015
1	22	721.198461403011	4	40	10	left	right	0	93	15.196	6120
1	23	237.69488977160782	4	40	10	right	left	0	47	15.329	3066
1	24	1709.8907970265804	4	40	10	left	left	1	38	15.206	2499
1	25	1339.0531099756851	4	40	10	right	left	0	26	15.196	1711
1	26	525.8739917736507	4	40	10	left	left	1	162	15.2	10658
1	27	260.3040194586613	4	40	10	right	right	1	39	15.081	2586
1	28	1303.868710103254	4	40	10	left	right	0	18	15.228	1182
1	29	638.638351735313	4	40	10	left	left	1	26	15.125	1719
1	30	522.6541982548761	4	40	10	left	left	1	36	15.391	2339
1	31	794.9745796669687	4	40	10	right	right	1	24	15.424	1556
1	32	1743.7933171088666	4	40	10	left	right	0	19	15.82	1201
1	33	247.5624034435986	4	40	10	right	left	0	45	15.332	2935
1	34	1014.1498128584682	4	40	10	right	left	0	42	15.206	2762
1	35	241.21750800468362	4	40	10	right	right	1	48	15.291	3139
1	36	484.9800111864516	4	40	10	left	left	1	29	15.279	1898
1	37	742.1469108105722	4	40	10	right	left	0	27	15.358	1758
1	38	370.4856937358288	4	40	10	left	right	0	43	15.457	2782
1	39	256.0180597846722	4	40	10	right	right	1	23	15.636	1471
1	40	558.8615570682716	4	40	10	left	left	1	34	15.138	2246
2	1	446.8382157657711	4	40	10	right	right	1	34	15.226	2233
2	2	1643.960134337296	4	40	10	right	right	1	20	15.823	1264
2	3	1632.61682915149	4	40	10	left	right	0	15	15.075	995
2	4	462.33459054053656	4	40	10	right	left	0	44	15.449	2848
2	5	295.687443593927	4	40	10	left	right	0	76	15.316	4962
2	6	341.22516597937146	4	40	10	left	left	1	38	15.31	2482
2	7	943.4889516644774	4	40	10	left	right	0	42	15.441	2720
2	8	205.67465572689068	4	40	10	left	right	0	27	15.652	1725
2	9	413.1717873145541	4	40	10	right	right	1	64	15.231	4202
2	10	315.01687971424485	4	40	10	left	left	1	30	15.252	1967
2	11	1021.2636227188205	4	40	10	right	left	0	34	15.336	2217
2	12	1228.4354481566283	4	40	10	right	right	1	37	15.258	2425
2	13	343.97762194389565	4	40	10	right	left	0	18	15.332	1174
2	14	498.5609093111163	4	40	10	right	right	1	14	15.334	913
2	15	635.6338171458701	4	40	10	left	right	0	17	14.991	1134
2	16	795.4118225603726	4	40	10	right	right	1	34	15.35	2215
2	17	716.028503128465	4	40	10	left	left	1	38	15.329	2479
2	18	1132.4080436893446	4	40	10	left	right	0	31	15.508	1999
2	19	269.2432162083424	4	40	10	left	left	1	29	15.368	1887
2	20	787.4979782904355	4	40	10	left	left	1	27	15.411	1752
2	21	316.7487296124658	4	40	10	right	left	0	14	15.184	922
2	22	407.2891127889387	4	40	10	left	right	0	6	16.949	354
2	23	1310.2524262451827	4	40	10	right	left	0	14	15.201	921
2	24	2805.8805868535287	4	40	10	right	right	1	22	15.288	1439
2	25	2456.2388546788575	4	40	10	left	right	0	30	15.345	1955
2	26	1247.8534785640602	4	40	10	right	left	0	19	15.435	1231
2	27	401.53776869777107	4	40	10	right	left	0	38	15.435	2462
2	28	1789.459172299642	4	40	10	right	left	0	19	15.807	1202
2	29	834.8744647895698	4	40	10	left	right	0	22	15.152	1452
2	30	1142.901928114797	4	40	10	right	left	0	24	15.434	1555
2	31	1305.2989571103678	4	40	10	right	right	1	24	15.635	1535
2	32	1321.6729236377114	4	40	10	left	right	0	22	15.581	1412
2	33	891.0799943084756	4	40	10	right	left	0	34	15.476	2197
2	34	1302.3713407293685	4	40	10	right	right	1	22	15.214	1446
2	35	289.8394247422451	4	40	10	right	left	0	44	15.084	2917
2	36	317.14570903120153	4	40	10	left	left	1	20	15.492	1291
2	37	383.31096539823136	4	40	10	left	right	0	30	15.152	1980
2	38	372.95966330410135	4	40	10	left	right	0	31	15.256	2032
2	39	990.1846723970344	4	40	10	left	left	1	43	15.189	2831
2	40	892.852557168709	4	40	10	left	left	1	55	15.127	3636
3	1	469.7609965000171	4	40	10	left	right	0	49	15.356	3191
3	2	1101.4503199020118	4	40	10	right	left	0	18	15.707	1146
3	3	881.2577854274648	4	40	10	left	right	0	39	15.193	2567
3	4	267.63665452375426	4	40	10	right	right	1	17	15.274	1113
3	5	1995.5302533495264	4	40	10	right	left	0	33	15.349	2150
3	6	788.9484272016829	4	40	10	left	left	1	34	15.125	2248
3	7	660.1689755067584	4	40	10	left	left	1	16	15.414	1038
3	8	201.12099540059364	4	40	10	right	left	0	23	15.753	1460
3	9	899.8199643240229	4	40	10	right	right	1	43	15.407	2791
3	10	1148.4458287761228	4	40	10	right	right	1	41	15.202	2697
3	11	992.4138406756024	4	40	10	right	right	1	36	15.235	2363
3	12	388.2943589711522	4	40	10	left	right	0	17	15.668	1085
3	13	769.1021705490883	4	40	10	left	right	0	20	15.291	1308
3	14	1412.0521671468382	4	40	10	left	right	0	53	15.173	3493
3	15	1985.6542928310657	4	40	10	left	left	1	24	15.085	1591
3	16	2499.7336037218942	4	40	10	left	left	1	15	15.167	989
3	17	300.24850698262383	4	40	10	right	right	1	27	15.135	1784
3	18	1504.5450885039558	4	40	10	left	left	1	29	15.336	1891
3	19	889.459385222303	4	40	10	right	right	1	29	15.088	1922
3	20	2057.5982221854624	4	40	10	right	right	1	43	15.292	2812
3	21	970.6672045012788	4	40	10	left	right	0	34	15.199	2237
3	22	509.69051427492604	4	40	10	left	left	1	18	15.398	1169
3	23	2110.704299015464	4	40	10	right	right	1	22	15.726	1399
3	24	576.8439084929735	4	40	10	left	right	0	47	15.304	3071
3	25	564.5150395661599	4	40	10	right	right	1	34	15.378	2211
3	26	898.9643597131691	4	40	10	left	right	0	30	15.19	1975
3	27	1408.1219132507606	4	40	10	left	left	1	12	16	750
3	28	790.1749392254942	4	40	10	left	right	0	15	15.244	984
3	29	503.9404847733301	4	40	10	right	right	1	15	15.322	979
3	30	240.51320939005203	4	40	10	left	left	1	14	15.284	916
3	31	1895.3712429501356	4	40	10	right	right	1	20	15.823	1264
3	32	761.8595886123124	4	40	10	right	right	1	33	15.327	2153
3	33	348.18397697753403	4	40	10	right	left	0	17	15.179	1120
3	34	214.37005150097025	4	40	10	left	right	0	29	15.55	1865
3	35	815.4679128625427	4	40	10	left	right	0	21	15.754	1333
3	36	1659.1506156741643	4	40	10	right	left	0	23	15.447	1489
3	37	567.6847052585178	4	40	10	right	right	1	14	15.251	918
3	38	1797.6776539109714	4	40	10	right	left	0	38	15.261	2490
3	39	255.6438240319147	4	40	10	right	right	1	22	15.748	1397
3	40	281.18535097491224	4	40	10	left	right	0	18	15.228	1182
4	1	674.7162162269502	4	40	10	right	right	1	33	15.529	2125
4	2	1948.1008339988911	4	40	10	left	right	0	18	15.625	1152
4	3	864.7153852672376	4	40	10	right	right	1	29	15.55	1865
4	4	225.3793714656057	4	40	10	right	left	0	15	15.416	973
4	5	652.0862805133902	4	40	10	left	left	1	36	15.126	2380
4	6	2435.3696284674	4	40	10	right	left	0	26	15.267	1703
4	7	570.6614483338915	4	40	10	right	right	1	21	15.317	1371
4	8	514.8963620660111	4	40	10	left	right	0	25	15.713	1591
4	9	3160.6098035940463	4	40	10	left	right	0	30	15.267	1965
4	10	440.7332381970833	4	40	10	left	right	0	28	15.259	1835
4	11	729.9052675487317	4	40	10	left	left	1	18	15.451	1165
4	12	230.38098532916896	4	40	10	right	right	1	36	15.101	2384
4	13	710.7764370270787	4	40	10	right	right	1	24	15.574	1541
4	14	777.7417296333921	4	40	10	right	left	0	34	15.462	2199
4	15	348.4053978293007	4	40	10	right	left	0	22	15.46	1423
4	16	1545.6283818830934	4	40	10	left	right	0	23	15.162	1517
4	17	3861.4943728899097	4	40	10	right	right	1	42	15.345	2737
4	18	341.6495689057263	4	40	10	right	right	1	29	15.566	1863
4	19	1364.2456490984691	4	40	10	right	right	1	30	15.488	1937
4	20	2421.9853276737804	4	40	10	left	left	1	31	15.562	1992
4	21	265.3674947603943	4	40	10	left	left	1	17	15.554	1093
4	22	2459.556504625635	4	40	10	left	left	1	16	15.224	1051
4	23	1357.4205977105448	4	40	10	right	right	1	27	15.067	1792
4	24	429.40231732235923	4	40	10	right	left	0	26	15.267	1703
4	25	813.5534739103584	4	40	10	right	left	0	71	15.09	4705
4	26	235.7693883341817	4	40	10	left	left	1	48	15.238	3150
4	27	1332.6223556257537	4	40	10	left	right	0	17	15.697	1083
4	28	436.41763548691005	4	40	10	left	right	0	36	15.203	2368
4	29	1450.9812817557683	4	40	10	left	left	1	29	15.112	1919
4	30	746.9762602790016	4	40	10	right	left	0	27	15.652	1725
4	31	335.7664578810739	4	40	10	right	right	1	32	15.504	2064
4	32	692.0480560071935	4	40	10	right	right	1	19	15.152	1254
4	33	448.7716108912706	4	40	10	right	right	1	22	15.267	1441
4	34	254.96814592448234	4	40	10	left	right	0	17	15.233	1116
4	35	933.8888686322039	4	40	10	left	left	1	44	15.079	2918
4	36	623.4337259961019	4	40	10	left	right	0	37	15.289	2420
4	37	364.0021750803503	4	40	10	left	right	0	25	15.347	1629
4	38	918.9070433572247	4	40	10	left	right	0	24	15.434	1555
4	39	383.3528672072202	4	40	10	right	left	0	32	15.34	2086
4	40	791.2753838018883	4	40	10	left	right	0	10	14.903	671
