
blkNum	trlNum	randomStimulusOnsetTime	coherentDots	numberofDots	percentCoherence	winningDirection	response	correct	eventCount	averageFrameRate	RT
1	1	1574.1498756465237	4	40	10	right	right	1	206	15.153	13595
1	2	205.62578124966043	4	40	10	right	left	0	133	15.195	8753
1	3	1395.1137258264812	4	40	10	right	left	0	41	15.507	2644
1	4	821.2994177330246	4	40	10	left	right	0	238	15.187	15671
1	5	439.15625909914974	4	40	10	right	right	1	97	15.292	6343
1	6	1110.6706273953682	4	40	10	left	right	0	117	15.167	7714
1	7	2642.217224768111	4	40	10	right	right	1	100	15.211	6574
1	8	1160.0790072665372	4	40	10	right	left	0	51	15.417	3308
1	9	278.34929630477836	4	40	10	right	right	1	50	15.23	3283
1	10	241.7773256259387	4	40	10	left	right	0	103	15.25	6754
1	11	669.7542768795015	4	40	10	right	right	1	59	15.325	3850
1	12	1375.765149142952	4	40	10	right	left	0	56	15.347	3649
1	13	561.659143513217	4	40	10	right	right	1	149	15.231	9783
1	14	210.52485955836815	4	40	10	left	left	1	61	15.388	3964
1	15	1181.0175768204535	4	40	10	right	right	1	31	15.181	2042
1	16	527.2715065707089	4	40	10	left	left	1	36	15.504	2322
1	17	206.1454376627367	4	40	10	left	left	1	33	15.392	2144
1	18	236.97651589124618	4	40	10	left	left	1	108	15.173	7118
1	19	792.0959388100204	4	40	10	right	right	1	29	15.175	1911
1	20	845.4913413233392	4	40	10	left	left	1	31	15.586	1989
1	21	1340.2362371585712	4	40	10	right	left	0	41	15.168	2703
1	22	624.0373470523434	4	40	10	right	right	1	52	15.339	3390
1	23	424.0783911691859	4	40	10	left	right	0	35	15.425	2269
1	24	960.2488095585593	4	40	10	left	left	1	42	15.212	2761
1	25	386.37977256520605	4	40	10	left	right	0	36	15.531	2318
1	26	235.86293379257773	4	40	10	left	right	0	49	15.213	3221
1	27	527.697603048477	4	40	10	right	right	1	54	15.354	3517
1	28	433.89586908846644	4	40	10	left	left	1	34	15.568	2184
1	29	1746.4299937003116	4	40	10	left	right	0	83	15.294	5427
1	30	1667.7516967171086	4	40	10	left	left	1	10	15.625	640
1	31	1047.8475609411862	4	40	10	left	right	0	20	15.432	1296
1	32	1705.8800624947974	4	40	10	left	left	1	54	15.407	3505
1	33	838.7711414100568	4	40	10	right	right	1	74	15.242	4855
1	34	791.8665951643569	4	40	10	right	right	1	63	15.217	4140
1	35	927.5870713542565	4	40	10	left	left	1	54	15.13	3569
1	36	711.2153841131728	4	40	10	right	right	1	29	15.409	1882
1	37	1470.230432309784	4	40	10	right	right	1	67	15.238	4397
1	38	260.04304267402244	4	40	10	right	right	1	57	15.323	3720
1	39	280.4925273353669	4	40	10	left	left	1	53	15.407	3440
1	40	502.95982720240625	4	40	10	left	left	1	65	15.255	4261
2	1	1337.1307872484438	4	40	10	left	right	0	97	15.273	6351
2	2	2212.691861666327	4	40	10	right	right	1	44	15.304	2875
2	3	866.4971126420158	4	40	10	right	right	1	98	15.234	6433
2	4	1557.327912221187	4	40	10	right	left	0	55	15.393	3573
2	5	821.2120426834091	4	40	10	left	right	0	98	15.293	6408
2	6	1248.4794877901597	4	40	10	left	left	1	38	15.176	2504
2	7	406.0774815694508	4	40	10	right	right	1	54	15.429	3500
2	8	482.00344340788837	4	40	10	left	left	1	68	15.326	4437
2	9	415.59074989610144	4	40	10	right	right	1	41	15.202	2697
2	10	385.9452061199524	4	40	10	right	right	1	72	15.251	4721
2	11	551.8620102323347	4	40	10	left	right	0	66	15.179	4348
2	12	313.4424910114667	4	40	10	left	right	0	64	15.329	4175
2	13	237.82354779857968	4	40	10	right	right	1	73	15.167	4813
2	14	282.7447708353343	4	40	10	left	right	0	75	15.225	4926
2	15	231.9202183894078	4	40	10	left	left	1	63	15.258	4129
2	16	527.366061359066	4	40	10	left	left	1	40	15.215	2629
2	17	253.2886476353991	4	40	10	right	right	1	38	15.422	2464
2	18	850.8259853996011	4	40	10	left	left	1	35	15.158	2309
2	19	2238.7634774233056	4	40	10	left	left	1	33	15.559	2121
2	20	207.04657614327922	4	40	10	right	right	1	58	15.223	3810
2	21	836.0638675815973	4	40	10	left	right	0	23	15.786	1457
2	22	462.3251098907268	4	40	10	right	right	1	20	15.432	1296
2	23	557.3390386501425	4	40	10	right	left	0	43	15.501	2774
2	24	313.9201744859992	4	40	10	left	right	0	20	15.186	1317
2	25	946.1468206927956	4	40	10	right	right	1	47	15.339	3064
2	26	228.5768577085917	4	40	10	right	left	0	12	15.625	768
2	27	1831.003824717001	4	40	10	right	right	1	12	15.957	752
2	28	1925.8249113079657	4	40	10	right	left	0	31	15.485	2002
2	29	1434.781392574907	4	40	10	left	right	0	31	15.438	2008
2	30	1327.8691089121928	4	40	10	left	right	0	40	15.45	2589
2	31	2174.5315714987	4	40	10	left	left	1	17	15.511	1096
2	32	1160.1311220322082	4	40	10	right	right	1	22	15.647	1406
2	33	591.5046857806321	4	40	10	left	left	1	28	15.478	1809
2	34	781.5787575551577	4	40	10	right	left	0	25	15.319	1632
2	35	495.88480559893515	4	40	10	right	right	1	24	15.769	1522
2	36	524.9149716207473	4	40	10	left	right	0	17	15.247	1115
2	37	2040.3494009108908	4	40	10	right	right	1	19	15.873	1197
2	38	611.8672290373511	4	40	10	left	right	0	21	15.362	1367
2	39	275.4841963536188	4	40	10	right	left	0	10	15.337	652
2	40	222.38286001539373	4	40	10	left	right	0	11	16.566	664
3	1	830.9594161070628	4	40	10	left	right	0	12	16.129	744
3	2	773.2888780780614	4	40	10	left	right	0	13	15.458	841
3	3	2273.962652013953	4	40	10	left	left	1	28	15.686	1785
3	4	502.9141166244919	4	40	10	right	left	0	18	15.101	1192
3	5	259.0237285719643	4	40	10	right	right	1	10	15.674	638
3	6	324.5775877435123	4	40	10	right	right	1	10	16.42	609
3	7	525.7042969961678	4	40	10	right	left	0	9	15.957	564
3	8	1854.983565902214	4	40	10	right	right	1	13	15.476	840
3	9	1067.5632452093264	4	40	10	right	left	0	18	15.845	1136
3	10	705.4455844073693	4	40	10	right	right	1	21	15.453	1359
3	11	462.78950257197835	4	40	10	right	right	1	31	15.324	2023
3	12	349.0305449693168	4	40	10	left	left	1	35	15.178	2306
3	13	799.9185342430342	4	40	10	left	right	0	66	15.169	4351
3	14	794.731343564303	4	40	10	right	left	0	29	15.312	1894
3	15	545.5656729645782	4	40	10	right	right	1	20	15.373	1301
3	16	210.15200172285634	4	40	10	right	right	1	29	15.352	1889
3	17	241.13811937827555	4	40	10	left	left	1	37	15.277	2422
3	18	1086.082265185629	4	40	10	left	left	1	38	15.416	2465
3	19	493.2265263762653	4	40	10	right	right	1	28	15.259	1835
3	20	1308.5012750721473	4	40	10	left	left	1	27	15.393	1754
3	21	1260.1558113070066	4	40	10	left	left	1	30	15.167	1978
3	22	553.9799193544372	4	40	10	left	left	1	31	15.248	2033
3	23	1211.88964069734	4	40	10	left	left	1	58	15.364	3775
3	24	673.3807059719838	4	40	10	right	right	1	29	15.475	1874
3	25	390.39330851199827	4	40	10	right	right	1	49	15.156	3233
3	26	311.88679848836125	4	40	10	left	left	1	34	15.399	2208
3	27	843.6632059051013	4	40	10	left	left	1	32	15.595	2052
3	28	1080.3074162135701	4	40	10	right	left	0	55	15.312	3592
3	29	3138.3439786970584	4	40	10	right	left	0	30	15.393	1949
3	30	1289.5303821043067	4	40	10	right	right	1	30	15.393	1949
3	31	928.1705052134786	4	40	10	left	right	0	43	15.292	2812
3	32	1465.673453179145	4	40	10	left	right	0	45	15.437	2915
3	33	427.26150852255773	4	40	10	left	left	1	22	15.816	1391
3	34	572.3235546349912	4	40	10	left	right	0	26	15.606	1666
3	35	983.5217587464299	4	40	10	right	right	1	32	15.195	2106
3	36	674.4985216514069	4	40	10	right	right	1	31	12.415	2497
3	37	490.83692271624335	4	40	10	right	left	0	22	15.625	1408
3	38	345.377046094981	4	40	10	left	left	1	35	15.178	2306
3	39	241.7214186128227	4	40	10	left	right	0	38	15.447	2460
3	40	723.7038074890235	4	40	10	left	right	0	43	15.254	2819
4	1	341.7144087401402	4	40	10	left	right	0	31	15.256	2032
4	2	379.38645486039405	4	40	10	right	right	1	20	15.911	1257
4	3	211.71330229289836	4	40	10	right	right	1	40	15.373	2602
4	4	1042.9987109341562	4	40	10	left	right	0	50	15.267	3275
4	5	674.6863682269347	4	40	10	left	left	1	43	15.232	2823
4	6	682.3927642353887	4	40	10	right	right	1	17	16.083	1057
4	7	662.037271994444	4	40	10	left	right	0	20	15.886	1259
4	8	542.6040812025558	4	40	10	right	right	1	25	15.684	1594
4	9	675.6116295943808	4	40	10	left	left	1	27	15.411	1752
4	10	887.1946126869055	4	40	10	right	right	1	41	15.478	2649
4	11	258.1571951888477	4	40	10	right	right	1	59	6.757	8732
4	12	1143.2930797102179	4	40	10	right	right	1	14	15.695	892
4	13	4064.06820984235	4	40	10	right	left	0	41	15.443	2655
4	14	222.1292602778887	4	40	10	left	left	1	36	15.444	2331
4	15	314.87308893758586	4	40	10	left	right	0	48	15.345	3128
4	16	613.9024643163381	4	40	10	right	right	1	33	15.228	2167
4	17	1675.1707045099458	4	40	10	right	right	1	56	15.342	3650
4	18	788.4451313905188	4	40	10	left	left	1	37	15.52	2384
4	19	224.6534885563156	4	40	10	left	right	0	39	15.391	2534
4	20	397.4770707157594	4	40	10	right	right	1	35	15.351	2280
4	21	358.07238655527175	4	40	10	left	right	0	34	15.371	2212
4	22	939.258311877068	4	40	10	left	left	1	59	15.249	3869
4	23	1231.1921390014793	4	40	10	left	right	0	56	15.292	3662
4	24	486.5979980947708	4	40	10	right	right	1	27	15.589	1732
4	25	786.8184593167877	4	40	10	left	left	1	24	15.574	1541
4	26	1064.1557185447941	4	40	10	left	right	0	20	15.924	1256
4	27	848.3078318552103	4	40	10	left	left	1	46	15.41	2985
4	28	381.30039919530043	4	40	10	right	right	1	13	15.495	839
4	29	553.752002531447	4	40	10	left	right	0	51	15.352	3322
4	30	1133.9157136074496	4	40	10	left	left	1	29	15.312	1894
4	31	335.1134975518064	4	40	10	right	left	0	32	15.451	2071
4	32	1399.0284280422	4	40	10	right	right	1	24	15.18	1581
4	33	251.14752734621132	4	40	10	left	right	0	19	15.286	1243
4	34	552.4288624530323	4	40	10	left	left	1	42	15.19	2765
4	35	264.13807248921114	4	40	10	left	right	0	17	15.554	1093
4	36	328.11917027532894	4	40	10	right	right	1	16	15.857	1009
4	37	971.6746095612378	4	40	10	right	right	1	53	15.199	3487
4	38	944.7332130224538	4	40	10	right	right	1	52	15.29	3401
4	39	1226.3703924642846	4	40	10	right	right	1	51	15.242	3346
4	40	502.1553811628123	4	40	10	right	right	1	43	15.286	2813
