
blkNum	trlNum	randomStimulusOnsetTime	coherentDots	numberofDots	percentCoherence	winningDirection	response	correct	eventCount	averageFrameRate	RT
1	1	956.8106212502864	4	40	10	left	left	1	94	14.305	6571
1	2	285.2892052669573	4	40	10	left	left	1	52	14.521	3581
1	3	654.8901772430646	4	40	10	right	right	1	25	14.654	1706
1	4	450.563992707222	4	40	10	right	right	1	65	14.416	4509
1	5	870.9236538291693	4	40	10	right	right	1	64	14.388	4448
1	6	759.600037494064	4	40	10	left	left	1	60	14.433	4157
1	7	239.30948373611795	4	40	10	left	right	0	40	14.663	2728
1	8	348.3187861740721	4	40	10	left	left	1	80	14.414	5550
1	9	2105.402973753854	4	40	10	right	right	1	36	14.575	2470
1	10	307.18927543010557	4	40	10	left	right	0	76	14.413	5273
1	11	2068.225306620231	4	40	10	right	right	1	32	14.324	2234
1	12	919.9359142075069	4	40	10	right	left	0	30	14.677	2044
1	13	384.64026395382	4	40	10	left	right	0	75	14.318	5238
1	14	1033.0327297357503	4	40	10	right	right	1	14	14.403	972
1	15	844.8024698739567	4	40	10	right	left	0	38	14.509	2619
1	16	3008.484178710687	4	40	10	right	right	1	31	14.54	2132
1	17	890.517155877444	4	40	10	right	left	0	25	14.518	1722
1	18	636.0015500316582	4	40	10	left	right	0	58	14.435	4018
1	19	1297.096776778174	4	40	10	left	left	1	79	14.525	5439
1	20	464.7580180304913	4	40	10	right	right	1	36	14.593	2467
1	21	910.3363237711436	4	40	10	left	right	0	53	14.505	3654
1	22	496.96589343314804	4	40	10	right	right	1	109	14.267	7640
1	23	1353.6133561840597	4	40	10	left	left	1	27	14.674	1840
1	24	690.7681964851283	4	40	10	right	right	1	20	14.782	1353
1	25	405.86536875062586	4	40	10	left	left	1	15	14.735	1018
1	26	296.7755830418655	4	40	10	left	right	0	14	14.894	940
1	27	1129.7544540546978	4	40	10	left	right	0	22	14.706	1496
1	28	490.21487345164013	4	40	10	right	right	1	94	14.562	6455
1	29	1019.3312786719223	4	40	10	right	left	0	19	14.984	1268
1	30	829.4698290393125	4	40	10	right	left	0	47	14.369	3271
1	31	222.60407860931917	4	40	10	left	left	1	16	14.829	1079
1	32	538.3405570123141	4	40	10	left	left	1	18	14.343	1255
1	33	366.99228962933626	4	40	10	right	right	1	24	14.44	1662
1	34	1078.218265860322	4	40	10	right	right	1	33	14.398	2292
1	35	1207.5639697711476	4	40	10	left	right	0	32	14.311	2236
1	36	881.2221005930214	4	40	10	right	right	1	43	14.401	2986
1	37	984.5703641618769	4	40	10	left	left	1	23	14.366	1601
1	38	218.47373677371826	4	40	10	left	right	0	59	14.286	4130
1	39	831.3631746256756	4	40	10	right	right	1	89	14.495	6140
1	40	1330.1523762780948	4	40	10	left	left	1	45	14.456	3113
2	1	626.1906044165835	4	40	10	left	left	1	29	14.428	2010
2	2	724.1299254044077	4	40	10	left	right	0	15	14.563	1030
2	3	921.1908576365352	4	40	10	left	left	1	5	16.077	311
2	4	2508.4443467996402	4	40	10	right	right	1	49	14.327	3420
2	5	1168.0250219948703	4	40	10	right	right	1	32	14.254	2245
2	6	426.3757797400536	4	40	10	right	right	1	58	14.414	4024
2	7	244.354525843225	4	40	10	right	right	1	18	14.827	1214
2	8	311.327870383269	4	40	10	right	right	1	29	14.321	2025
2	9	1082.2679761151321	4	40	10	right	left	0	27	14.61	1848
2	10	957.4691193320059	4	40	10	right	right	1	30	14.866	2018
2	11	370.3823577633445	4	40	10	right	right	1	22	14.835	1483
2	12	749.8753642048191	4	40	10	right	left	0	27	14.642	1844
2	13	636.3589058871727	4	40	10	left	left	1	18	15.126	1190
2	14	257.66528350347517	4	40	10	left	left	1	20	14.556	1374
2	15	727.906072551069	4	40	10	right	right	1	21	14.614	1437
2	16	472.9478783759726	4	40	10	left	left	1	30	14.591	2056
2	17	591.0208792134166	4	40	10	right	left	0	19	14.438	1316
2	18	349.4750377052545	4	40	10	left	right	0	31	14.595	2124
2	19	777.4040053052327	4	40	10	left	left	1	25	14.961	1671
2	20	567.2744414606909	4	40	10	right	right	1	50	14.314	3493
2	21	278.38948576927106	4	40	10	left	left	1	39	14.569	2677
2	22	1626.3354131067736	4	40	10	left	left	1	27	14.508	1861
2	23	440.24203297785346	4	40	10	right	right	1	29	14.558	1992
2	24	2089.228057315541	4	40	10	right	left	0	25	14.31	1747
2	25	840.9850987399961	4	40	10	right	right	1	16	14.719	1087
2	26	436.9977675488502	4	40	10	left	right	0	16	15.137	1057
2	27	1501.4148941738256	4	40	10	left	right	0	61	14.306	4264
2	28	310.78158748159916	4	40	10	right	left	0	14	15.038	931
2	29	705.178060131806	4	40	10	left	left	1	104	14.206	7321
2	30	2814.347863773187	4	40	10	right	left	0	27	14.377	1878
2	31	1121.827599422994	4	40	10	right	right	1	31	14.623	2120
2	32	931.5088650720697	4	40	10	right	left	0	31	14.861	2086
2	33	666.2447321463981	4	40	10	right	right	1	35	14.595	2398
2	34	720.8303782201747	4	40	10	left	right	0	16	15.023	1065
2	35	342.8258427467674	4	40	10	left	left	1	12	14.475	829
2	36	1511.3890065700346	4	40	10	left	left	1	76	14.397	5279
2	37	690.2335079049633	4	40	10	left	right	0	20	14.409	1388
2	38	258.1215361593287	4	40	10	left	right	0	13	14.823	877
2	39	740.5789694759569	4	40	10	left	left	1	18	14.516	1240
2	40	298.06586913053314	4	40	10	left	right	0	26	14.477	1796
3	1	2521.745600627317	4	40	10	left	left	1	40	14.322	2793
3	2	427.0785120932161	4	40	10	right	right	1	17	14.555	1168
3	3	677.2708667345349	4	40	10	right	left	0	23	14.603	1575
3	4	439.0063090592977	4	40	10	left	left	1	59	14.496	4070
3	5	354.72321932139386	4	40	10	left	left	1	16	14.829	1079
3	6	253.92502423370948	4	40	10	left	left	1	21	14.344	1464
3	7	457.40741629651274	4	40	10	right	left	0	16	14.532	1101
3	8	826.9894414032191	4	40	10	right	right	1	14	15.021	932
3	9	1965.0341159715251	4	40	10	left	right	0	18	14.658	1228
3	10	397.04102798365193	4	40	10	left	right	0	60	14.461	4149
3	11	444.5531903573344	4	40	10	right	right	1	10	14.306	699
3	12	591.1953523097833	4	40	10	left	right	0	19	14.493	1311
3	13	842.632952135687	4	40	10	left	right	0	12	14.981	801
3	14	246.64981394514135	4	40	10	left	left	1	6	14.963	401
3	15	749.7244522914581	4	40	10	right	left	0	17	14.555	1168
3	16	677.8534891857539	4	40	10	right	right	1	16	14.925	1072
3	17	541.81632082791	4	40	10	right	right	1	14	14.271	981
3	18	1039.7214718618907	4	40	10	right	right	1	29	14.617	1984
3	19	1741.715533068126	4	40	10	left	right	0	29	14.811	1958
3	20	1599.444171959156	4	40	10	right	left	0	20	14.663	1364
3	21	1348.2281310938708	4	40	10	right	left	0	12	14.545	825
3	22	818.446813122131	4	40	10	left	left	1	22	14.342	1534
3	23	2694.4498387733347	4	40	10	right	left	0	26	14.493	1794
3	24	235.03734339815924	4	40	10	right	right	1	10	15.48	646
3	25	432.9808790312544	4	40	10	left	right	0	21	14.523	1446
3	26	4236.91341838765	4	40	10	left	left	1	58	14.591	3975
3	27	231.0889681414001	4	40	10	left	left	1	42	14.413	2914
3	28	815.1952335114898	4	40	10	left	right	0	30	14.5	2069
3	29	311.5176435383678	4	40	10	right	left	0	16	15.267	1048
3	30	301.67556607757666	4	40	10	right	right	1	11	14.57	755
3	31	1456.6978737795962	4	40	10	left	right	0	13	15.312	849
3	32	1297.1492135053065	4	40	10	right	right	1	30	14.402	2083
3	33	2569.243145569329	4	40	10	left	left	1	15	15.045	997
3	34	346.6077681931895	4	40	10	right	right	1	19	14.879	1277
3	35	200.6155875066059	4	40	10	right	right	1	13	14.773	880
3	36	864.7580056055724	4	40	10	right	right	1	49	14.609	3354
3	37	472.456189643165	4	40	10	left	right	0	15	14.409	1041
3	38	519.2408140865305	4	40	10	left	left	1	8	14.414	555
3	39	566.0552999916472	4	40	10	left	right	0	15	15.03	998
3	40	371.5615586507052	4	40	10	right	left	0	13	15.532	837
4	1	1315.7757827832645	4	40	10	right	right	1	15	14.778	1015
4	2	1688.6382101395127	4	40	10	right	right	1	12	15.524	773
4	3	497.5009473823665	4	40	10	left	right	0	13	14.908	872
4	4	743.2118499839672	4	40	10	right	right	1	595	14.277	41676
4	5	406.05480169922646	4	40	10	right	right	1	42	14.393	2918
4	6	1507.517539100224	4	40	10	left	left	1	19	14.879	1277
4	7	1208.451486668782	4	40	10	right	left	0	20	15.038	1330
4	8	245.68717293138388	4	40	10	left	left	1	97	14.437	6719
4	9	979.6034446841309	4	40	10	right	right	1	20	14.97	1336
4	10	527.2625223584716	4	40	10	left	left	1	18	14.938	1205
4	11	1563.1647744624177	4	40	10	left	left	1	11	14.845	741
4	12	415.1563513517211	4	40	10	left	right	0	9	15.437	583
4	13	302.5134749281998	4	40	10	left	right	0	11	15.647	703
4	14	248.36040065925437	4	40	10	left	left	1	14	15.504	903
4	15	2530.0793449177204	4	40	10	right	right	1	18	15.19	1185
4	16	325.6287381162954	4	40	10	left	left	1	60	14.333	4186
4	17	298.71172058226836	4	40	10	left	right	0	15	15.06	996
4	18	1594.3207127159835	4	40	10	left	right	0	18	14.658	1228
4	19	282.3916346492793	4	40	10	right	right	1	43	14.507	2964
4	20	3692.0045569523495	4	40	10	left	right	0	21	14.543	1444
4	21	413.16649372596805	4	40	10	left	right	0	31	14.292	2169
4	22	456.9201583352836	4	40	10	right	left	0	10	14.728	679
4	23	222.41993672450707	4	40	10	left	right	0	7	16.204	432
4	24	1570.8877500044534	4	40	10	right	right	1	59	14.464	4079
4	25	270.7284719812436	4	40	10	right	left	0	30	14.549	2062
4	26	773.1443578073834	4	40	10	right	left	0	12	14.888	806
4	27	1079.0953035293862	4	40	10	left	right	0	7	16.279	430
4	28	814.1618213124556	4	40	10	left	right	0	7	15.251	459
4	29	1292.3431399454175	4	40	10	left	left	1	12	15.056	797
4	30	488.79661496272547	4	40	10	left	left	1	10	15.152	660
4	31	225.21653452085155	4	40	10	right	left	0	8	15.968	501
4	32	270.7625268596263	4	40	10	right	right	1	14	15.152	924
4	33	3608.9324808275724	4	40	10	right	right	1	12	14.423	832
4	34	243.01605077608875	4	40	10	left	left	1	17	14.86	1144
4	35	1595.6120710845914	4	40	10	right	left	0	10	15.244	656
4	36	208.60607520580513	4	40	10	right	right	1	12	14.724	815
4	37	358.36858634379814	4	40	10	left	left	1	15	15.136	991
4	38	1487.1208457921757	4	40	10	right	left	0	17	14.68	1158
4	39	1138.4348761436138	4	40	10	right	right	1	12	15.248	787
4	40	1290.049899892889	4	40	10	right	left	0	20	15.038	1330
