
blkNum	trlNum	randomStimulusOnsetTime	coherentDots	numberofDots	percentCoherence	winningDirection	response	correct	eventCount	averageFrameRate	RT
1	1	652.542118866137	4	40	10	right	right	1	139	15.256	9111
1	2	280.21352528367294	4	40	10	right	right	1	53	15.195	3488
1	3	584.3582717692269	4	40	10	right	right	1	48	15.233	3151
1	4	771.0099499435595	4	40	10	left	left	1	25	15.586	1604
1	5	455.5849427367716	4	40	10	right	right	1	43	15.313	2808
1	6	978.9101358870155	4	40	10	left	left	1	16	15.489	1033
1	7	1127.8136595596798	4	40	10	right	right	1	16	15.209	1052
1	8	204.59442928207318	4	40	10	left	left	1	13	16.01	812
1	9	411.2394388704338	4	40	10	right	right	1	12	15.484	775
1	10	1558.9558639533643	4	40	10	left	right	0	13	15.458	841
1	11	701.225205236999	4	40	10	right	right	1	33	15.618	2113
1	12	499.21992789199123	4	40	10	right	right	1	49	15.194	3225
1	13	669.4366766988381	4	40	10	left	left	1	14	15.891	881
1	14	563.6830334756178	4	40	10	left	left	1	13	15.513	838
1	15	749.9389106511376	4	40	10	left	right	0	14	15.334	913
1	16	1295.0760490566843	4	40	10	left	left	1	26	15.376	1691
1	17	859.5481863796256	4	40	10	right	right	1	25	15.244	1640
1	18	1115.9546707670124	4	40	10	right	right	1	20	15.349	1303
1	19	697.3105246078364	4	40	10	right	right	1	18	15.464	1164
1	20	1314.7125587864625	4	40	10	left	left	1	29	15.676	1850
1	21	2265.2118470446912	4	40	10	right	right	1	18	15.306	1176
1	22	1630.374155369913	4	40	10	left	left	1	15	16.009	937
1	23	246.56101935976915	4	40	10	left	left	1	14	16.241	862
1	24	225.6635044875757	4	40	10	left	left	1	24	15.666	1532
1	25	489.6422183533376	4	40	10	right	right	1	13	15.476	840
1	26	480.5874916627701	4	40	10	left	left	1	12	15.171	791
1	27	300.1024552132227	4	40	10	right	right	1	13	16.27	799
1	28	923.0052722576795	4	40	10	left	left	1	19	15.188	1251
1	29	1001.3904057151718	4	40	10	right	right	1	19	15.638	1215
1	30	595.5297344652781	4	40	10	left	left	1	12	15.625	768
1	31	509.85675793668804	4	40	10	right	right	1	9	16.453	547
1	32	679.4783055541824	4	40	10	right	right	1	10	16.722	598
1	33	1744.9596147062687	4	40	10	left	left	1	10	16.611	602
1	34	444.41303408149963	4	40	10	left	right	0	11	15.235	722
1	35	785.7713727683613	4	40	10	left	left	1	13	16.311	797
1	36	1365.0254467303923	4	40	10	right	right	1	15	15.496	968
1	37	676.2469580637156	4	40	10	left	left	1	14	15.766	888
1	38	2250.7574018151217	4	40	10	left	left	1	13	15.738	826
1	39	642.8063473482691	4	40	10	right	right	1	11	16.566	664
1	40	3588.8096724753423	4	40	10	right	right	1	18	15.721	1145
2	1	365.8339417735209	4	40	10	right	right	1	17	15.712	1082
2	2	1380.6989008583855	4	40	10	left	left	1	14	15.837	884
2	3	280.0009655514425	4	40	10	left	left	1	12	16.393	732
2	4	3383.212641655784	4	40	10	left	left	1	18	15.707	1146
2	5	412.5156194792563	4	40	10	left	left	1	15	15.48	969
2	6	856.8475562811071	4	40	10	right	right	1	10	15.129	661
2	7	373.17270586997836	4	40	10	left	left	1	11	16.369	672
2	8	2254.1917323063394	4	40	10	left	left	1	11	15.559	707
2	9	295.95091561597894	4	40	10	left	left	1	12	15.873	756
2	10	578.87403548104	4	40	10	right	right	1	10	15.576	642
2	11	1471.389880435904	4	40	10	right	right	1	22	15.31	1437
2	12	255.1098730692036	4	40	10	right	right	1	12	15.831	758
2	13	214.43875707075603	4	40	10	right	right	1	14	16.26	861
2	14	606.3379905986773	4	40	10	right	right	1	9	16.071	560
2	15	318.40741435124875	4	40	10	left	right	0	8	15.238	525
2	16	992.9673638061414	4	40	10	left	left	1	11	16.566	664
2	17	1450.6207061419302	4	40	10	left	left	1	16	15.842	1010
2	18	213.3517604670433	4	40	10	left	left	1	20	15.798	1266
2	19	817.4571340699562	4	40	10	right	right	1	11	15.873	693
2	20	1386.4052969780128	4	40	10	left	left	1	12	15.789	760
2	21	269.6169938223769	4	40	10	left	left	1	12	16.26	738
2	22	328.3995072497391	4	40	10	right	right	1	11	15.625	704
2	23	1658.3921731166436	4	40	10	left	left	1	10	15.723	636
2	24	733.5885554856521	4	40	10	right	right	1	12	15.209	789
2	25	2080.776929077944	4	40	10	right	right	1	12	15.544	772
2	26	226.29262983564922	4	40	10	right	right	1	15	16.146	929
2	27	3949.7535633988846	4	40	10	left	left	1	13	15.169	857
2	28	2535.9575557487037	4	40	10	right	right	1	13	15.758	825
2	29	591.4391983148914	4	40	10	left	left	1	8	16.327	490
2	30	250.4093385675319	4	40	10	right	right	1	9	15.679	574
2	31	1267.5590064344935	4	40	10	left	left	1	12	16.393	732
2	32	781.1350173030755	4	40	10	right	right	1	7	15.351	456
2	33	330.81134468180073	4	40	10	right	right	1	10	16	625
2	34	460.58419469335365	4	40	10	right	left	0	13	15.892	818
2	35	413.70141834560184	4	40	10	left	left	1	11	16.467	668
2	36	301.77784175936887	4	40	10	left	left	1	11	16.105	683
2	37	2224.676360645799	4	40	10	right	right	1	26	15.682	1658
2	38	2004.9226155095162	4	40	10	right	right	1	10	15.848	631
2	39	859.8497058198651	4	40	10	left	left	1	12	15.424	778
2	40	321.82444516207113	4	40	10	right	right	1	15	15.625	960
3	1	1002.1837688091458	4	40	10	right	left	0	11	15.32	718
3	2	658.2379690091682	4	40	10	left	left	1	12	16.129	744
3	3	279.6398891565508	4	40	10	left	left	1	11	16.105	683
3	4	1609.8982093846382	4	40	10	right	right	1	10	15.949	627
3	5	2013.6025660396222	4	40	10	left	left	1	10	15.552	643
3	6	566.539407858364	4	40	10	left	left	1	9	15.762	571
3	7	446.14185781807544	4	40	10	left	left	1	11	16.012	687
3	8	249.1059332597447	4	40	10	right	right	1	9	15.652	575
3	9	244.64551982328626	4	40	10	left	left	1	13	15.912	817
3	10	567.128917911099	4	40	10	right	right	1	11	15.988	688
3	11	256.03392259219373	4	40	10	left	left	1	10	15.152	660
3	12	946.2599034625571	4	40	10	right	right	1	10	15.175	659
3	13	1001.535364268545	4	40	10	left	left	1	9	16.854	534
3	14	672.9823856656633	4	40	10	left	left	1	8	15.595	513
3	15	647.731054291532	4	40	10	left	right	0	9	16.158	557
3	16	366.10993310029136	4	40	10	left	left	1	13	15.682	829
3	17	827.9026729827443	4	40	10	right	right	1	10	16.722	598
3	18	1697.6771656749543	4	40	10	right	right	1	11	15.942	690
3	19	1197.179700336084	4	40	10	left	left	1	14	15.909	880
3	20	1530.0511056406767	4	40	10	right	right	1	16	15.564	1028
3	21	2078.8846537773416	4	40	10	right	right	1	17	15.683	1084
3	22	589.4267267249791	4	40	10	right	right	1	10	15.129	661
3	23	741.7867352546295	4	40	10	right	right	1	11	15.214	723
3	24	719.6802825825985	4	40	10	left	left	1	17	15.385	1105
3	25	345.27898625507595	4	40	10	right	right	1	11	16.517	666
3	26	239.97301126528475	4	40	10	right	right	1	14	15.47	905
3	27	458.61410932865624	4	40	10	right	right	1	9	15.544	579
3	28	2888.1989449744824	4	40	10	right	right	1	15	15.609	961
3	29	358.1474763769048	4	40	10	left	left	1	11	15.782	697
3	30	451.4883898486311	4	40	10	right	right	1	12	16.086	746
3	31	382.04484736524273	4	40	10	left	left	1	9	16.158	557
3	32	609.0674824500352	4	40	10	left	left	1	10	16.051	623
3	33	323.646132051974	4	40	10	right	right	1	9	16.698	539
3	34	532.7224495887663	4	40	10	left	left	1	9	15.228	591
3	35	520.474468393445	4	40	10	right	right	1	13	15.625	832
3	36	1252.5055615461447	4	40	10	left	left	1	14	15.766	888
3	37	382.3271596565966	4	40	10	left	left	1	15	15.609	961
3	38	2330.307038691997	4	40	10	left	left	1	11	15.235	722
3	39	640.0705823480291	4	40	10	right	right	1	14	16.018	874
3	40	561.8479018390988	4	40	10	right	right	1	12	16.021	749
4	1	449.98902738703293	4	40	10	right	right	1	12	15.287	785
4	2	433.9586383289042	4	40	10	right	left	0	15	15.991	938
4	3	2596.5103716222447	4	40	10	right	right	1	14	15.301	915
4	4	347.94117210574893	4	40	10	left	left	1	10	16.779	596
4	5	573.2169278330352	4	40	10	left	left	1	10	16.393	610
4	6	3008.2605690097657	4	40	10	right	right	1	14	15.168	923
4	7	462.8975611272986	4	40	10	left	left	1	13	15.7	828
4	8	489.53106279235016	4	40	10	left	left	1	10	16.103	621
4	9	1598.2358538366404	4	40	10	left	left	1	11	15.692	701
4	10	895.1368264689987	4	40	10	left	left	1	11	16.32	674
4	11	963.9174275139651	4	40	10	left	left	1	9	15.177	593
4	12	223.04338862261926	4	40	10	right	right	1	16	15.326	1044
4	13	1097.8126238293694	4	40	10	right	right	1	12	15.504	774
4	14	1445.813511272409	4	40	10	right	right	1	11	15.193	724
4	15	996.7670869933478	4	40	10	right	right	1	12	15.306	784
4	16	887.6053972567134	4	40	10	right	right	1	16	15.842	1010
4	17	975.4632556045675	4	40	10	left	left	1	10	15.649	639
4	18	702.9526241264399	4	40	10	right	right	1	11	15.827	695
4	19	1992.9537014156042	4	40	10	left	left	1	13	16.23	801
4	20	1007.3885602329135	4	40	10	right	right	1	12	16.021	749
4	21	517.1327933757652	4	40	10	left	left	1	13	15.33	848
4	22	679.6756161827468	4	40	10	right	right	1	16	15.764	1015
4	23	2291.3107684487145	4	40	10	left	left	1	15	15.789	950
4	24	2169.5361951055347	4	40	10	right	right	1	12	16.484	728
4	25	1107.6038291045465	4	40	10	left	left	1	8	15.267	524
4	26	593.2359944451749	4	40	10	left	left	1	10	16	625
4	27	562.9821886126731	4	40	10	left	left	1	10	15.798	633
4	28	473.1983289583544	4	40	10	right	right	1	10	16.529	605
4	29	1526.8434730625515	4	40	10	right	right	1	8	15.18	527
4	30	792.6718155919015	4	40	10	left	left	1	9	16.575	543
4	31	462.46293129803536	4	40	10	right	right	1	12	16.349	734
4	32	302.5428996111273	4	40	10	left	left	1	10	15.267	655
4	33	310.8769252674785	4	40	10	left	left	1	10	16.694	599
4	34	1945.2405745764438	4	40	10	left	left	1	11	15.805	696
4	35	2137.4154830361813	4	40	10	right	right	1	9	15.491	581
4	36	320.5924090802848	4	40	10	right	right	1	12	16.194	741
4	37	395.0458259443327	4	40	10	left	left	1	14	15.152	924
4	38	1460.8134930673011	4	40	10	right	right	1	11	16.272	676
4	39	793.1351088360273	4	40	10	right	right	1	18	15.216	1183
4	40	644.3528239528666	4	40	10	left	left	1	12	15.404	779
