
blkNum	trlNum	randomStimulusOnsetTime	coherentDots	numberofDots	percentCoherence	winningDirection	response	correct	eventCount	averageFrameRate	RT
1	1	2108.126521424948	4	40	10	right	right	1	202	14.918	13541
1	2	1932.0034734302033	4	40	10	left	left	1	98	15.04	6516
1	3	419.2372847637526	4	40	10	left	left	1	109	14.964	7284
1	4	2215.7564293332007	4	40	10	right	right	1	63	15.068	4181
1	5	1866.9035638062687	4	40	10	right	right	1	68	14.955	4547
1	6	560.0116284392575	4	40	10	left	left	1	34	15.274	2226
1	7	1388.2441906457834	4	40	10	right	right	1	70	15.034	4656
1	8	327.6242465510135	4	40	10	left	left	1	46	15.132	3040
1	9	682.4137684237057	4	40	10	right	right	1	46	15.038	3059
1	10	1113.793355079424	4	40	10	right	right	1	37	14.956	2474
1	11	357.240860940583	4	40	10	left	left	1	30	15.106	1986
1	12	519.6823588553789	4	40	10	right	right	1	15	15	1000
1	13	309.3080108704766	4	40	10	right	right	1	20	15.117	1323
1	14	1103.160444948702	4	40	10	right	right	1	13	15.33	848
1	15	917.6198850653801	4	40	10	left	left	1	21	15.34	1369
1	16	1592.9427602768221	4	40	10	left	left	1	25	14.952	1672
1	17	568.0933810425415	4	40	10	left	left	1	34	15.138	2246
1	18	1749.7767666503348	4	40	10	left	right	0	13	15.312	849
1	19	451.36901360033977	4	40	10	left	left	1	65	14.946	4349
1	20	1108.6561767473913	4	40	10	right	right	1	28	15.226	1839
1	21	338.5723510439858	4	40	10	left	left	1	27	14.934	1808
1	22	1275.240273702038	4	40	10	right	right	1	16	15.311	1045
1	23	405.9326746278863	4	40	10	left	left	1	23	15.142	1519
1	24	539.0479089173922	4	40	10	right	right	1	13	15.815	822
1	25	350.82812356038835	4	40	10	right	right	1	31	15.093	2054
1	26	795.417456244358	4	40	10	left	left	1	14	15.351	912
1	27	693.8448177752427	4	40	10	right	right	1	16	15.595	1026
1	28	479.16292348856155	4	40	10	left	left	1	13	15.777	824
1	29	728.034965877923	4	40	10	right	right	1	17	15.018	1132
1	30	873.452837256777	4	40	10	left	left	1	12	15.645	767
1	31	359.49699941647486	4	40	10	left	left	1	23	15.374	1496
1	32	513.2471814196774	4	40	10	left	left	1	14	15.801	886
1	33	812.6733963439525	4	40	10	left	left	1	11	16.082	684
1	34	593.6131855968902	4	40	10	right	right	1	19	15.103	1258
1	35	354.069044911839	4	40	10	right	right	1	18	15.762	1142
1	36	1594.645633609387	4	40	10	right	right	1	14	15.59	898
1	37	698.5544548767846	4	40	10	left	left	1	19	15.715	1209
1	38	394.12322627031244	4	40	10	left	left	1	25	15.394	1624
1	39	2519.1854468082875	4	40	10	right	right	1	12	15.625	768
1	40	295.238317292664	4	40	10	right	right	1	16	15.81	1012
2	1	2719.634812510774	4	40	10	right	right	1	21	15.173	1384
2	2	2214.2831274289556	4	40	10	right	right	1	12	15.894	755
2	3	263.5648122392344	4	40	10	left	left	1	11	15.827	695
2	4	364.6491964413481	4	40	10	left	left	1	17	15.654	1086
2	5	290.9959409555132	4	40	10	left	left	1	18	15.666	1149
2	6	569.9140134882125	4	40	10	right	right	1	11	14.966	735
2	7	1077.9343888026194	4	40	10	right	right	1	13	15.834	821
2	8	393.358475644498	4	40	10	left	left	1	13	15.24	853
2	9	383.5849791820161	4	40	10	left	left	1	16	15.023	1065
2	10	881.3394437497228	4	40	10	left	left	1	15	15.674	957
2	11	1215.0877895571678	4	40	10	left	left	1	21	15.184	1383
2	12	432.03043133925536	4	40	10	right	right	1	14	15.47	905
2	13	316.88468597831843	4	40	10	right	right	1	11	15.048	731
2	14	1395.2455909944558	4	40	10	left	left	1	12	16.043	748
2	15	554.6545370553675	4	40	10	right	right	1	11	15.32	718
2	16	833.0308614323421	4	40	10	left	left	1	15	14.955	1003
2	17	382.90708386899587	4	40	10	left	left	1	12	15.852	757
2	18	307.80190079980565	4	40	10	left	left	1	12	15.852	757
2	19	203.3488391509355	4	40	10	left	left	1	11	16.153	681
2	20	727.6467403750811	4	40	10	left	left	1	11	15.782	697
2	21	1171.090422825144	4	40	10	right	right	1	10	15.198	658
2	22	1136.9343263472451	4	40	10	left	left	1	8	15.748	508
2	23	1481.1835503891152	4	40	10	left	left	1	10	14.993	667
2	24	1782.321760141142	4	40	10	left	left	1	10	15.823	632
2	25	791.3621680671367	4	40	10	left	left	1	10	15.48	646
2	26	805.238091847491	4	40	10	right	right	1	11	15.406	714
2	27	322.8180175364899	4	40	10	right	right	1	16	15.61	1025
2	28	821.1150062547321	4	40	10	right	right	1	21	14.957	1404
2	29	252.63668659438335	4	40	10	right	left	0	8	15.267	524
2	30	279.63303804530557	4	40	10	right	right	1	11	15.782	697
2	31	692.6598991363751	4	40	10	left	left	1	15	15.464	970
2	32	748.3695595755026	4	40	10	right	right	1	17	15.726	1081
2	33	201.79413893420852	4	40	10	right	right	1	11	15.647	703
2	34	211.1363843311212	4	40	10	left	left	1	10	15.152	660
2	35	1346.6183225705602	4	40	10	right	right	1	54	14.942	3614
2	36	1059.048085072644	4	40	10	right	right	1	16	15.671	1021
2	37	402.067753699763	4	40	10	left	left	1	8	15.748	508
2	38	1431.9246367828662	4	40	10	right	right	1	10	16.26	615
2	39	226.64335412644277	4	40	10	right	right	1	15	15.528	966
2	40	1291.8793968371117	4	40	10	right	right	1	19	15.638	1215
3	1	503.2920512673952	4	40	10	right	right	1	19	14.996	1267
3	2	491.13449521854204	4	40	10	right	right	1	12	14.907	805
3	3	1360.1042318948469	4	40	10	left	left	1	18	15.152	1188
3	4	1212.8495126868852	4	40	10	left	left	1	33	15.207	2170
3	5	567.8598719312785	4	40	10	left	left	1	16	15.296	1046
3	6	479.38345142059615	4	40	10	right	right	1	11	16.32	674
3	7	1430.062127239075	4	40	10	left	left	1	25	15.235	1641
3	8	731.916596120102	4	40	10	left	left	1	17	15.712	1082
3	9	374.8061821633829	4	40	10	right	right	1	10	16.367	611
3	10	328.9372424951729	4	40	10	right	right	1	12	16.173	742
3	11	937.3222864907173	4	40	10	right	right	1	11	16.393	671
3	12	1613.339037386925	4	40	10	right	right	1	12	15.544	772
3	13	320.1442454823244	4	40	10	left	left	1	10	15.649	639
3	14	273.1958695593454	4	40	10	right	right	1	11	15.299	719
3	15	229.04687851927034	4	40	10	left	left	1	10	15.924	628
3	16	1275.769835944782	4	40	10	right	right	1	10	15.949	627
3	17	647.4091430081453	4	40	10	left	left	1	10	16.234	616
3	18	794.1790776730048	4	40	10	right	right	1	9	15.901	566
3	19	2832.1897893084224	4	40	10	left	left	1	12	15.707	764
3	20	217.8395513740027	4	40	10	left	left	1	12	15.625	768
3	21	2776.9582900712408	4	40	10	left	left	1	10	15.083	663
3	22	311.52121850443706	4	40	10	right	right	1	11	14.925	737
3	23	527.6486140113932	4	40	10	right	right	1	10	15.601	641
3	24	1717.1493050639237	4	40	10	right	right	1	12	15.748	762
3	25	296.81419397558335	4	40	10	left	left	1	16	15.038	1064
3	26	983.4754962896111	4	40	10	left	left	1	10	15.823	632
3	27	839.368504520978	4	40	10	left	left	1	12	15.444	777
3	28	253.13004227072565	4	40	10	right	right	1	14	15.436	907
3	29	2091.9552023249016	4	40	10	left	left	1	16	15.64	1023
3	30	970.5341000846214	4	40	10	right	right	1	11	15.048	731
3	31	628.4227267763748	4	40	10	left	left	1	10	15.898	629
3	32	1034.2017449314217	4	40	10	right	right	1	9	15.957	564
3	33	455.13326447794293	4	40	10	left	left	1	10	15.773	634
3	34	520.4512821284701	4	40	10	left	left	1	15	15.773	951
3	35	346.8929923917664	4	40	10	right	right	1	10	15.291	654
3	36	339.3955094776077	4	40	10	left	left	1	10	15.723	636
3	37	291.139219111144	4	40	10	right	right	1	15	15.806	949
3	38	510.70404454048287	4	40	10	left	left	1	10	15.198	658
3	39	1497.255984114901	4	40	10	right	right	1	11	16.129	682
3	40	983.6862408259121	4	40	10	right	right	1	11	15.782	697
4	1	1097.668615741131	4	40	10	right	right	1	33	15.207	2170
4	2	337.7859604228037	4	40	10	left	right	0	19	14.972	1269
4	3	461.16436123674947	4	40	10	left	left	1	26	14.986	1735
4	4	415.3971315470021	4	40	10	left	left	1	27	15.271	1768
4	5	1670.9393949055725	4	40	10	left	left	1	13	15.294	850
4	6	361.1849367875322	4	40	10	right	right	1	8	16.563	483
4	7	709.7367922986318	4	40	10	left	left	1	15	15.152	990
4	8	1242.8262101545222	4	40	10	right	right	1	12	16.107	745
4	9	1142.9372764869217	4	40	10	right	right	1	10	14.993	667
4	10	702.0681571079936	4	40	10	right	right	1	12	14.944	803
4	11	1212.6209254189876	4	40	10	right	right	1	11	15.537	708
4	12	548.6950012135896	4	40	10	right	right	1	12	16.216	740
4	13	215.13508319557775	4	40	10	left	left	1	14	15.334	913
4	14	2003.6622203986594	4	40	10	left	left	1	15	14.97	1002
4	15	429.9531938704243	4	40	10	left	left	1	23	15.333	1500
4	16	804.6948489313033	4	40	10	right	right	1	25	15.225	1642
4	17	1021.0168866454616	4	40	10	right	right	1	30	15.068	1991
4	18	1385.5883748304877	4	40	10	right	right	1	11	15.67	702
4	19	898.0497614670438	4	40	10	right	right	1	30	15.205	1973
4	20	819.4646002944819	4	40	10	left	left	1	13	15.012	866
4	21	801.8414333315445	4	40	10	right	right	1	9	15.05	598
4	22	1001.1582983821972	4	40	10	right	right	1	10	15.823	632
4	23	1141.952383796982	4	40	10	left	left	1	10	14.903	671
4	24	958.753387669991	4	40	10	right	right	1	9	15.358	586
4	25	775.5194867210596	4	40	10	left	left	1	12	16.064	747
4	26	452.6800779746606	4	40	10	left	left	1	26	15.003	1733
4	27	687.4137578341818	4	40	10	left	left	1	20	15.601	1282
4	28	1139.2333927057662	4	40	10	right	right	1	12	15.957	752
4	29	1300.3280413166535	4	40	10	right	right	1	14	15.368	911
4	30	477.56516879764786	4	40	10	left	left	1	10	16.26	615
4	31	2681.3642491864293	4	40	10	right	right	1	11	15.32	718
4	32	385.15673150114594	4	40	10	left	left	1	10	16.26	615
4	33	369.47756151312035	4	40	10	left	left	1	11	15.299	719
4	34	596.6169881429403	4	40	10	right	right	1	19	15.498	1226
4	35	205.3887294603915	4	40	10	left	left	1	14	14.925	938
4	36	1087.6466330795856	4	40	10	right	right	1	12	15.504	774
4	37	3227.190157566308	4	40	10	left	left	1	14	15.07	929
4	38	740.8018368634483	4	40	10	left	left	1	10	15.152	660
4	39	522.3979843179898	4	40	10	left	left	1	10	15.674	638
4	40	217.19676075098988	4	40	10	right	right	1	8	15.18	527
