
blkNum	trlNum	randomStimulusOnsetTime	coherentDots	numberofDots	percentCoherence	winningDirection	response	correct	eventCount	averageFrameRate	RT
1	1	1073.1731493377492	4	40	10	left	left	1	166	15.218	10908
1	2	290.0329063685545	4	40	10	right	right	1	47	15.21	3090
1	3	209.66365684740126	4	40	10	left	right	0	75	15.158	4948
1	4	1950.1611088198492	4	40	10	left	right	0	80	15.253	5245
1	5	952.9881955027695	4	40	10	right	right	1	105	15.273	6875
1	6	423.5282126656532	4	40	10	left	left	1	48	15.429	3111
1	7	746.1160876194251	4	40	10	right	left	0	87	15.255	5703
1	8	260.689025621674	4	40	10	right	left	0	60	15.144	3962
1	9	596.4166105549963	4	40	10	right	right	1	40	15.163	2638
1	10	1293.2164471374308	4	40	10	left	left	1	33	15.306	2156
1	11	209.1491839061907	4	40	10	right	right	1	43	15.385	2795
1	12	1141.4014352767426	4	40	10	right	right	1	40	15.492	2582
1	13	429.6775522041588	4	40	10	right	right	1	57	15.188	3753
1	14	261.19079054288346	4	40	10	left	left	1	52	15.326	3393
1	15	229.7943257520448	4	40	10	right	right	1	52	15.308	3397
1	16	647.5784018234507	4	40	10	left	left	1	29	15.376	1886
1	17	641.4228583058397	4	40	10	left	left	1	18	16.014	1124
1	18	1778.7246841418353	4	40	10	left	left	1	26	15.625	1664
1	19	441.9011646801714	4	40	10	left	left	1	35	15.337	2282
1	20	1768.1251685376553	4	40	10	left	left	1	21	15.521	1353
1	21	2258.675783314839	4	40	10	right	right	1	40	15.326	2610
1	22	376.9456710793528	4	40	10	left	left	1	17	15.799	1076
1	23	219.9025021270716	4	40	10	right	right	1	18	15.557	1157
1	24	315.90889871807076	4	40	10	left	left	1	19	15.599	1218
1	25	448.4353676973707	4	40	10	right	right	1	30	15.244	1968
1	26	288.80647064920004	4	40	10	left	left	1	33	15.559	2121
1	27	1661.3371180032557	4	40	10	right	right	1	15	15.369	976
1	28	1783.9985213053951	4	40	10	left	left	1	42	15.19	2765
1	29	332.4801258556954	4	40	10	right	right	1	19	15.702	1210
1	30	879.0156113755846	4	40	10	left	left	1	18	15.254	1180
1	31	1123.6289697685002	4	40	10	left	left	1	23	15.192	1514
1	32	1683.2960692298725	4	40	10	left	left	1	18	15.139	1189
1	33	1241.955563615184	4	40	10	right	right	1	20	15.42	1297
1	34	3895.4450653958406	4	40	10	right	left	0	31	15.601	1987
1	35	274.24626114744757	4	40	10	left	left	1	26	15.348	1694
1	36	794.9374722531036	4	40	10	right	right	1	37	15.308	2417
1	37	559.958911333588	4	40	10	right	right	1	31	15.166	2044
1	38	1454.5824237614	4	40	10	right	right	1	16	16.08	995
1	39	254.52042370375543	4	40	10	right	right	1	19	15.966	1190
1	40	699.853107708605	4	40	10	left	left	1	49	15.289	3205
2	1	822.0350089854029	4	40	10	right	right	1	20	15.54	1287
2	2	1705.4267801315575	4	40	10	left	left	1	21	15.837	1326
2	3	675.3576689532201	4	40	10	left	left	1	17	15.568	1092
2	4	829.781445263896	4	40	10	left	left	1	12	15.152	792
2	5	300.76432616752913	4	40	10	left	left	1	22	15.614	1409
2	6	589.2033673828895	4	40	10	left	left	1	12	16.371	733
2	7	499.13851662824794	4	40	10	left	left	1	25	15.207	1644
2	8	330.8995580584501	4	40	10	left	left	1	22	15.692	1402
2	9	550.1797819314422	4	40	10	right	right	1	51	15.206	3354
2	10	1221.8739771012674	4	40	10	left	left	1	15	16.043	935
2	11	490.0923169569002	4	40	10	left	left	1	17	15.903	1069
2	12	1244.4792702340976	4	40	10	left	left	1	15	15.152	990
2	13	255.85277984337574	4	40	10	right	left	0	24	15.534	1545
2	14	2202.097766315699	4	40	10	left	left	1	18	15.411	1168
2	15	1705.9219650133007	4	40	10	right	right	1	25	15.489	1614
2	16	1273.4874776453198	4	40	10	left	left	1	13	15.625	832
2	17	616.8004244682697	4	40	10	right	right	1	17	16.023	1061
2	18	948.4761365180046	4	40	10	right	right	1	26	15.597	1667
2	19	667.6208237510461	4	40	10	right	right	1	30	15.658	1916
2	20	853.8731017393649	4	40	10	right	right	1	28	15.461	1811
2	21	1586.4269613916329	4	40	10	left	left	1	16	15.195	1053
2	22	348.0827304048654	4	40	10	right	right	1	17	15.483	1098
2	23	1298.2582747277172	4	40	10	left	left	1	23	15.242	1509
2	24	1396.0243340558566	4	40	10	left	left	1	12	16.304	736
2	25	570.5659955857752	4	40	10	right	right	1	21	15.385	1365
2	26	623.2183391033285	4	40	10	right	left	0	24	15.595	1539
2	27	961.9019251806639	4	40	10	left	left	1	20	15.723	1272
2	28	1380.5926886666423	4	40	10	left	left	1	18	15.424	1167
2	29	321.67824988977964	4	40	10	right	right	1	24	15.504	1548
2	30	2772.7591029693135	4	40	10	left	left	1	14	15.73	890
2	31	2191.3081610828913	4	40	10	left	right	0	15	15.924	942
2	32	237.467387447173	4	40	10	right	right	1	29	15.591	1860
2	33	425.84723239125447	4	40	10	right	right	1	23	15.323	1501
2	34	373.9046652347542	4	40	10	right	right	1	17	15.315	1110
2	35	893.8616055956858	4	40	10	right	right	1	22	15.581	1412
2	36	834.4916778176358	4	40	10	right	right	1	38	15.188	2502
2	37	1785.3245988236233	4	40	10	right	right	1	20	15.244	1312
2	38	276.70321919384014	4	40	10	right	right	1	37	15.488	2389
2	39	4414.382569335896	4	40	10	left	right	0	33	15.349	2150
2	40	2327.30083318133	4	40	10	right	right	1	26	15.663	1660
3	1	1766.9755863614278	4	40	10	right	right	1	23	15.509	1483
3	2	387.42582360535374	4	40	10	left	left	1	24	15.514	1547
3	3	1048.9754770148943	4	40	10	right	right	1	21	15.683	1339
3	4	752.434583683989	4	40	10	right	right	1	16	15.34	1043
3	5	255.64890051860408	4	40	10	left	left	1	15	15.907	943
3	6	712.6179704996651	4	40	10	right	right	1	27	15.491	1743
3	7	417.03504794740047	4	40	10	right	right	1	17	15.315	1110
3	8	1572.9140319212288	4	40	10	left	left	1	14	15.521	902
3	9	1233.0252956943752	4	40	10	left	left	1	31	15.438	2008
3	10	545.4928529739357	4	40	10	left	left	1	30	15.617	1921
3	11	798.0276388793125	4	40	10	right	left	0	21	15.837	1326
3	12	904.9286784630422	4	40	10	left	left	1	23	15.636	1471
3	13	1423.2566178269713	4	40	10	right	left	0	16	15.355	1042
3	14	650.9540956363896	4	40	10	left	left	1	34	15.24	2231
3	15	223.23868496103597	4	40	10	left	left	1	24	15.375	1561
3	16	731.8527649854069	4	40	10	right	left	0	18	15.437	1166
3	17	338.64727287923074	4	40	10	left	left	1	27	15.437	1749
3	18	970.8970332131059	4	40	10	left	left	1	13	15.682	829
3	19	2214.508054198547	4	40	10	left	left	1	13	15.758	825
3	20	490.6348519717324	4	40	10	right	left	0	24	15.524	1546
3	21	880.0454492572195	4	40	10	right	right	1	40	15.296	2615
3	22	921.4160703032745	4	40	10	right	right	1	18	15.571	1156
3	23	445.7589142268214	4	40	10	right	right	1	48	15.147	3169
3	24	1110.8404160045284	4	40	10	left	left	1	14	16.129	868
3	25	1698.9863595012046	4	40	10	left	left	1	12	15.365	781
3	26	2353.773260610105	4	40	10	right	right	1	17	15.357	1107
3	27	877.0543243844318	4	40	10	left	left	1	29	15.136	1916
3	28	907.0174461398067	4	40	10	right	left	0	13	15.134	859
3	29	443.4202265148292	4	40	10	right	left	0	27	15.661	1724
3	30	622.9087305754908	4	40	10	right	right	1	238	15.172	15687
3	31	502.6634936903078	4	40	10	left	left	1	31	15.562	1992
3	32	435.89605873138476	4	40	10	right	right	1	14	16.166	866
3	33	1022.0644068861202	4	40	10	right	right	1	83	15.232	5449
3	34	378.09365553014425	4	40	10	left	left	1	13	16.209	802
3	35	419.14258408212544	4	40	10	left	left	1	30	15.528	1932
3	36	809.1565733146919	4	40	10	right	right	1	13	15.663	830
3	37	710.099616638548	4	40	10	right	right	1	38	15.378	2471
3	38	252.93392427552686	4	40	10	left	left	1	28	15.495	1807
3	39	1323.8818693498933	4	40	10	left	left	1	22	15.331	1435
3	40	408.26120721322303	4	40	10	left	left	1	76	15.212	4996
4	1	243.11856267552622	4	40	10	right	right	1	28	15.351	1824
4	2	301.1046683353232	4	40	10	right	left	0	16	15.399	1039
4	3	802.8524262150038	4	40	10	right	right	1	20	15.637	1279
4	4	269.31021789346005	4	40	10	right	right	1	30	15.182	1976
4	5	818.012010387396	4	40	10	right	right	1	19	15.261	1245
4	6	2802.004167942495	4	40	10	right	right	1	15	15.353	977
4	7	1158.3051052996243	4	40	10	left	right	0	38	15.46	2458
4	8	291.7087862940192	4	40	10	right	right	1	18	15.504	1161
4	9	1411.705476121478	4	40	10	right	right	1	24	15.219	1577
4	10	1132.4066037609396	4	40	10	left	left	1	24	15.219	1577
4	11	370.7132709354762	4	40	10	right	right	1	34	15.158	2243
4	12	2441.8911189993437	4	40	10	right	right	1	26	15.729	1653
4	13	3322.6337819617	4	40	10	left	right	0	18	15.887	1133
4	14	468.32912504832836	4	40	10	left	left	1	14	15.642	895
4	15	704.7568962156951	4	40	10	right	right	1	17	15.413	1103
4	16	1372.607063773972	4	40	10	left	left	1	12	15.915	754
4	17	701.7444924461485	4	40	10	right	left	0	32	15.474	2068
4	18	899.004057561698	4	40	10	right	right	1	22	15.428	1426
4	19	1067.5009238649743	4	40	10	left	left	1	15	15.48	969
4	20	515.9828976931652	4	40	10	left	left	1	14	15.982	876
4	21	2181.0972796266515	4	40	10	right	left	0	42	15.413	2725
4	22	1658.030564685161	4	40	10	left	left	1	13	15.276	851
4	23	1455.3413421327652	4	40	10	left	left	1	68	15.216	4469
4	24	1049.5377064004044	4	40	10	left	left	1	27	15.562	1735
4	25	2105.336375817511	4	40	10	left	left	1	52	15.209	3419
4	26	487.8799646516429	4	40	10	right	right	1	25	15.198	1645
4	27	508.26822724162827	4	40	10	left	left	1	13	15.758	825
4	28	404.4725644026154	4	40	10	left	left	1	14	15.385	910
4	29	335.96629277217005	4	40	10	left	left	1	33	15.242	2165
4	30	231.94201509997097	4	40	10	left	left	1	33	15.37	2147
4	31	837.6913510635206	4	40	10	left	left	1	14	15.168	923
4	32	592.6214877129091	4	40	10	left	right	0	23	15.232	1510
4	33	547.9004103470629	4	40	10	right	left	0	16	15.253	1049
4	34	224.474953038474	4	40	10	left	left	1	21	15.885	1322
4	35	3602.2143235368308	4	40	10	left	left	1	46	15.282	3010
4	36	1379.4188819389308	4	40	10	right	right	1	49	15.208	3222
4	37	955.0225587064178	4	40	10	left	left	1	15	15.496	968
4	38	410.7726618128205	4	40	10	right	right	1	30	15.33	1957
4	39	505.6093572299412	4	40	10	right	left	0	55	15.359	3581
4	40	504.4019871612934	4	40	10	right	right	1	38	15.23	2495
