
blkNum	trlNum	randomStimulusOnsetTime	coherentDots	numberofDots	percentCoherence	winningDirection	response	correct	eventCount	averageFrameRate	RT
1	1	1401.7129344041807	4	40	10	left	left	1	30	15.464	1940
1	2	296.71369759652845	4	40	10	right	left	0	27	15.679	1722
1	3	1280.0912572975794	4	40	10	right	right	1	16	15.253	1049
1	4	536.491567726004	4	40	10	right	right	1	21	15.173	1384
1	5	205.2225043792755	4	40	10	right	right	1	20	15.686	1275
1	6	946.0502999658761	4	40	10	right	right	1	21	15.173	1384
1	7	474.85588493158275	4	40	10	left	right	0	38	15.23	2495
1	8	403.4658431159309	4	40	10	right	left	0	19	15.435	1231
1	9	339.9143736528006	4	40	10	left	right	0	20	15.637	1279
1	10	1256.3693679342791	4	40	10	left	right	0	45	15.485	2906
1	11	909.9933681614876	4	40	10	right	right	1	24	15.484	1550
1	12	1190.9696630210215	4	40	10	left	right	0	71	15.292	4643
1	13	603.7084725277605	4	40	10	right	right	1	34	15.247	2230
1	14	675.451343356495	4	40	10	left	left	1	21	15.284	1374
1	15	271.5152333015881	4	40	10	right	right	1	47	15.334	3065
1	16	328.5594692020705	4	40	10	left	left	1	50	15.193	3291
1	17	211.78377093950948	4	40	10	right	left	0	23	15.732	1462
1	18	306.4308394703587	4	40	10	left	right	0	34	15.413	2206
1	19	284.0360053854482	4	40	10	left	right	0	30	15.267	1965
1	20	1767.6639106796308	4	40	10	left	right	0	26	15.33	1696
1	21	335.6206753568955	4	40	10	left	right	0	84	15.162	5540
1	22	2600.340251313605	4	40	10	left	left	1	66	15.218	4337
1	23	203.41403551851533	4	40	10	left	right	0	20	15.576	1284
1	24	570.434305316285	4	40	10	right	right	1	59	15.349	3844
1	25	205.75113484586174	4	40	10	right	right	1	23	15.797	1456
1	26	3444.9115101556854	4	40	10	right	left	0	59	15.245	3870
1	27	292.89410462228665	4	40	10	left	right	0	16	15.857	1009
1	28	708.7239290596524	4	40	10	left	right	0	39	15.181	2569
1	29	1176.4780414542968	4	40	10	left	right	0	27	15.607	1730
1	30	1843.8929823777248	4	40	10	right	right	1	37	15.226	2430
1	31	1141.2892970972257	4	40	10	right	left	0	106	15.236	6957
1	32	408.74515294750006	4	40	10	left	right	0	46	15.405	2986
1	33	322.46710069779283	4	40	10	left	left	1	19	15.677	1212
1	34	1167.5157552308697	4	40	10	right	right	1	21	15.173	1384
1	35	415.5788001094295	4	40	10	right	right	1	25	15.356	1628
1	36	2810.144495917186	4	40	10	right	right	1	20	15.244	1312
1	37	1838.7847479092022	4	40	10	right	right	1	31	15.492	2001
1	38	340.6489304765522	4	40	10	left	left	1	21	15.032	1397
1	39	246.72043989955563	4	40	10	left	left	1	35	15.419	2270
1	40	1275.8361716907434	4	40	10	right	right	1	15	15.512	967
2	1	615.6503795821573	4	40	10	right	left	0	53	15.199	3487
2	2	1088.5302370689426	4	40	10	right	right	1	15	15.839	947
2	3	544.9749170076102	4	40	10	left	left	1	19	15.397	1234
2	4	706.0647713023351	4	40	10	left	left	1	26	15.205	1710
2	5	442.50054834811056	4	40	10	left	right	0	19	15.702	1210
2	6	1118.7440255735155	4	40	10	left	right	0	32	15.37	2082
2	7	282.5941288789208	4	40	10	left	left	1	18	14.963	1203
2	8	1180.1896030844928	4	40	10	right	right	1	22	15.482	1421
2	9	447.7240834800956	4	40	10	left	right	0	19	15.447	1230
2	10	214.714722033433	4	40	10	right	right	1	21	15.396	1364
2	11	1459.0212909969355	4	40	10	left	right	0	41	15.333	2674
2	12	1137.420714135847	4	40	10	right	left	0	17	15.399	1104
2	13	1122.1188046399666	4	40	10	left	left	1	21	15.487	1356
2	14	506.8747074977316	4	40	10	left	right	0	34	15.518	2191
2	15	200.53798775416038	4	40	10	left	left	1	20	15.601	1282
2	16	1192.9817020930998	4	40	10	right	right	1	15	15.306	980
2	17	555.9246923020949	4	40	10	right	right	1	22	15.439	1425
2	18	643.8705215369341	4	40	10	right	right	1	29	15.575	1862
2	19	1748.5989071139581	4	40	10	left	right	0	27	15.544	1737
2	20	534.4948043594272	4	40	10	left	right	0	20	15.221	1314
2	21	343.62522785539284	4	40	10	right	right	1	22	15.647	1406
2	22	1027.1468401041468	4	40	10	left	left	1	23	15.252	1508
2	23	719.66088411894	4	40	10	right	right	1	20	15.163	1319
2	24	373.10419722178165	4	40	10	right	right	1	26	15.421	1686
2	25	979.4978843052857	4	40	10	left	right	0	20	15.221	1314
2	26	2237.112550472447	4	40	10	left	right	0	30	15.512	1934
2	27	257.2097737606312	4	40	10	right	right	1	19	15.664	1213
2	28	208.6157236112736	4	40	10	right	left	0	19	15.422	1232
2	29	1112.0357789503287	4	40	10	left	left	1	32	15.311	2090
2	30	1081.2081103157143	4	40	10	right	right	1	34	15.098	2252
2	31	266.5602371076998	4	40	10	right	right	1	33	15.124	2182
2	32	2125.537238095244	4	40	10	left	left	1	18	15.385	1170
2	33	237.8316826155063	4	40	10	right	right	1	34	15.343	2216
2	34	261.2201478659379	4	40	10	left	left	1	26	15.495	1678
2	35	244.27588527670088	4	40	10	right	right	1	18	15.424	1167
2	36	601.5513928510863	4	40	10	right	right	1	23	15.625	1472
2	37	266.1658894670452	4	40	10	right	right	1	17	15.426	1102
2	38	384.36839028842235	4	40	10	left	right	0	16	15.355	1042
2	39	957.5309656584383	4	40	10	right	right	1	20	15.699	1274
2	40	237.9244693620385	4	40	10	left	left	1	19	15.164	1253
3	1	310.35491331836306	4	40	10	right	right	1	31	15.423	2010
3	2	1581.2842713045663	4	40	10	right	left	0	35	15.251	2295
3	3	2184.187711786032	4	40	10	left	right	0	58	15.171	3823
3	4	1140.9670376326642	4	40	10	left	right	0	26	15.376	1691
3	5	1420.0049311989092	4	40	10	left	right	0	25	15.451	1618
3	6	492.09679795480054	4	40	10	left	right	0	19	15.472	1228
3	7	566.8240661998507	4	40	10	right	right	1	52	15.357	3386
3	8	2899.872091520658	4	40	10	right	right	1	18	15.216	1183
3	9	219.41394022267897	4	40	10	right	right	1	51	15.156	3365
3	10	327.92531048554616	4	40	10	left	left	1	39	15.099	2583
3	11	3772.037810400385	4	40	10	right	right	1	26	15.125	1719
3	12	973.5078028521646	4	40	10	left	left	1	56	15.292	3662
3	13	1031.6279598301194	4	40	10	right	right	1	48	15.152	3168
3	14	503.5011252878992	4	40	10	left	left	1	95	15.212	6245
3	15	2400.0127673873767	4	40	10	right	right	1	35	15.204	2302
3	16	1791.907753121205	4	40	10	left	right	0	51	15.371	3318
3	17	2276.500207453392	4	40	10	right	right	1	43	15.194	2830
3	18	552.2684345118724	4	40	10	left	left	1	108	15.183	7113
3	19	385.53590283276105	4	40	10	left	right	0	16	15.109	1059
3	20	540.5201106107529	4	40	10	right	left	0	24	15.554	1543
3	21	272.2307605708562	4	40	10	right	right	1	28	15.556	1800
3	22	754.6120593217425	4	40	10	right	right	1	51	15.288	3336
3	23	1295.8771807506273	4	40	10	right	right	1	21	15.778	1331
3	24	420.3520723377134	4	40	10	right	right	1	22	15.493	1420
3	25	826.2545928780082	4	40	10	left	right	0	25	15.281	1636
3	26	1684.3195004710803	4	40	10	right	right	1	23	15.71	1464
3	27	2913.516535603362	4	40	10	right	right	1	36	15.139	2378
3	28	1302.0159735232637	4	40	10	right	left	0	51	15.129	3371
3	29	494.4776466408025	4	40	10	left	right	0	35	15.378	2276
3	30	393.8014994776348	4	40	10	left	right	0	43	15.281	2814
3	31	395.8205478459182	4	40	10	right	right	1	88	15.222	5781
3	32	290.0396650476026	4	40	10	left	right	0	26	15.072	1725
3	33	367.24703840978094	4	40	10	left	right	0	29	15.659	1852
3	34	389.1064608426725	4	40	10	left	right	0	29	15.231	1904
3	35	2147.8416626437993	4	40	10	left	right	0	75	15.188	4938
3	36	3892.5968578967477	4	40	10	left	right	0	42	15.356	2735
3	37	1293.6405616205986	4	40	10	right	right	1	23	15.636	1471
3	38	438.8547970077959	4	40	10	left	left	1	55	15.202	3618
3	39	562.7501504113345	4	40	10	left	right	0	19	15.794	1203
3	40	391.7847403682309	4	40	10	right	right	1	59	15.285	3860
4	1	775.1945817181703	4	40	10	left	right	0	48	15.262	3145
4	2	1250.798271700286	4	40	10	right	right	1	22	15.614	1409
4	3	211.0822030486264	4	40	10	right	right	1	64	15.166	4220
4	4	978.9286424923913	4	40	10	left	left	1	44	15.251	2885
4	5	220.14299727113024	4	40	10	right	right	1	25	15.489	1614
4	6	2127.3748255357273	4	40	10	right	right	1	77	15.199	5066
4	7	538.9467185873658	4	40	10	right	right	1	27	15.177	1779
4	8	265.06344537131105	4	40	10	right	right	1	47	15.098	3113
4	9	419.3612067472717	4	40	10	right	right	1	42	15.453	2718
4	10	439.186867754882	4	40	10	right	left	0	24	15.171	1582
4	11	261.24555393543955	4	40	10	left	right	0	31	15.385	2015
4	12	1038.2566016475112	4	40	10	left	right	0	57	15.208	3748
4	13	1155.1049021840504	4	40	10	right	right	1	45	15.353	2931
4	14	300.99941678773723	4	40	10	left	left	1	64	15.169	4219
4	15	333.5794923810498	4	40	10	left	right	0	24	15.161	1583
4	16	492.50939154965323	4	40	10	left	right	0	29	15.426	1880
4	17	1097.1550493748273	4	40	10	left	right	0	22	15.152	1452
4	18	797.4848918960793	4	40	10	right	right	1	38	15.176	2504
4	19	686.8294127514365	4	40	10	left	right	0	22	15.352	1433
4	20	2394.7723122252555	4	40	10	left	right	0	27	15.332	1761
4	21	1513.6719221841565	4	40	10	left	left	1	26	15.522	1675
4	22	1754.330874642703	4	40	10	right	right	1	20	15.564	1285
4	23	536.1003760275772	4	40	10	left	right	0	29	15.336	1891
4	24	799.0590564257144	4	40	10	left	left	1	20	15.492	1291
4	25	1405.8419238929625	4	40	10	left	right	0	22	15.363	1432
4	26	442.83816390847176	4	40	10	right	right	1	19	15.091	1259
4	27	2012.013051547235	4	40	10	left	right	0	23	15.488	1485
4	28	397.7969775155451	4	40	10	left	left	1	17	15.814	1075
4	29	737.6914123437012	4	40	10	left	right	0	51	15.197	3356
4	30	1801.67246520025	4	40	10	left	right	0	33	15.522	2126
4	31	1148.137335551642	4	40	10	right	right	1	17	15.357	1107
4	32	541.2127297179915	4	40	10	right	left	0	19	15.41	1233
4	33	717.8086777756023	4	40	10	right	right	1	15	15.609	961
4	34	301.50040641272324	4	40	10	right	right	1	21	15.556	1350
4	35	597.2969024973644	4	40	10	right	right	1	27	15.598	1731
4	36	339.0586788993823	4	40	10	left	right	0	50	15.175	3295
4	37	534.3130734290116	4	40	10	right	right	1	25	15.115	1654
4	38	1021.2495002157441	4	40	10	left	left	1	16	15.474	1034
4	39	519.5490152250196	4	40	10	right	right	1	65	15.137	4294
4	40	1863.1539652471995	4	40	10	right	right	1	27	15.358	1758
