
blkNum	trlNum	randomStimulusOnsetTime	coherentDots	numberofDots	percentCoherence	winningDirection	response	correct	eventCount	averageFrameRate	RT
1	1	347.8472750382649	4	40	10	right	right	1	70	15.099	4636
1	2	2656.0066213921086	4	40	10	right	right	1	20	15.291	1308
1	3	362.42129833749976	4	40	10	left	left	1	16	15.296	1046
1	4	459.6887283350225	4	40	10	right	right	1	15	15.94	941
1	5	1232.0710892675106	4	40	10	left	left	1	14	15.251	918
1	6	453.17612062137783	4	40	10	left	left	1	15	15.593	962
1	7	378.98325377667356	4	40	10	right	right	1	13	15.513	838
1	8	2581.8643347456755	4	40	10	left	left	1	15	15.593	962
1	9	503.1236131433736	4	40	10	right	right	1	6	15.345	391
1	10	237.28275302048624	4	40	10	left	left	1	9	16.667	540
1	11	1070.0907335862823	4	40	10	left	left	1	14	16.037	873
1	12	751.0727126217623	4	40	10	left	left	1	11	15.581	706
1	13	406.724587048623	4	40	10	right	right	1	10	15.798	633
1	14	264.22786831341733	4	40	10	left	left	1	9	16.334	551
1	15	1349.393956500781	4	40	10	right	left	0	9	15.152	594
1	16	2593.2473696984543	4	40	10	right	right	1	14	15.855	883
1	17	671.4789413261717	4	40	10	left	left	1	11	16.272	676
1	18	854.1198878956934	4	40	10	right	right	1	38	15.026	2529
1	19	999.5255394436979	4	40	10	left	left	1	9	15.385	585
1	20	505.6147087546324	4	40	10	right	left	0	9	16.334	551
1	21	275.040091744578	4	40	10	right	right	1	12	15.873	756
1	22	226.6678501677244	4	40	10	left	right	0	9	15.228	591
1	23	1799.3448752067584	4	40	10	right	right	1	11	15.647	703
1	24	553.8615435269727	4	40	10	right	left	0	19	15.044	1263
1	25	237.065517544276	4	40	10	left	right	0	12	15.094	795
1	26	3275.555177018099	4	40	10	left	left	1	15	15.56	964
1	27	1070.6415854125048	4	40	10	right	right	1	14	15.59	898
1	28	533.7676591583142	4	40	10	right	right	1	33	15.193	2172
1	29	764.1617466547971	4	40	10	left	left	1	42	15.065	2788
1	30	324.3042948003942	4	40	10	right	right	1	23	15.323	1501
1	31	1556.2956257693875	4	40	10	right	right	1	21	15.173	1384
1	32	350.8935131030706	4	40	10	right	right	1	22	15.352	1433
1	33	1478.021789386353	4	40	10	left	left	1	11	15.559	707
1	34	859.0484433429433	4	40	10	left	left	1	17	15.111	1125
1	35	441.68121438769003	4	40	10	right	right	1	9	15.625	576
1	36	544.9558201000741	4	40	10	left	left	1	18	15.666	1149
1	37	372.5640223425308	4	40	10	left	left	1	33	15.014	2198
1	38	253.68768361065068	4	40	10	left	left	1	19	15.188	1251
1	39	689.9990871588018	4	40	10	right	right	1	13	15.476	840
1	40	1065.9454440220247	4	40	10	left	left	1	18	15.126	1190
2	1	1456.349560032837	4	40	10	right	right	1	11	15.471	711
2	2	1276.2664233518678	4	40	10	left	left	1	15	15.576	963
2	3	2224.997436520845	4	40	10	right	right	1	19	15.422	1232
2	4	262.14203575007855	4	40	10	right	right	1	17	15.469	1099
2	5	692.0546592755185	4	40	10	right	right	1	9	15.306	588
2	6	713.8377144753166	4	40	10	right	right	1	6	15.075	398
2	7	358.89165917016567	4	40	10	right	right	1	28	15.461	1811
2	8	254.93160881870415	4	40	10	left	right	0	13	15.588	834
2	9	456.702022614386	4	40	10	right	right	1	10	15.221	657
2	10	524.5184143418962	4	40	10	right	right	1	9	15.306	588
2	11	264.65294655473934	4	40	10	left	left	1	16	15.282	1047
2	12	202.25632188934475	4	40	10	left	right	0	10	15.106	662
2	13	513.7328870714595	4	40	10	right	right	1	10	15.456	647
2	14	1351.7227550136354	4	40	10	right	right	1	10	15.244	656
2	15	626.6208582707322	4	40	10	right	right	1	18	15.517	1160
2	16	1276.2066461785462	4	40	10	right	right	1	21	15.152	1386
2	17	2722.6523790413817	4	40	10	left	left	1	13	15.682	829
2	18	3844.108190619589	4	40	10	left	left	1	28	15.385	1820
2	19	734.6412435648027	4	40	10	left	right	0	28	15.07	1858
2	20	391.6050130295416	4	40	10	left	left	1	18	15.411	1168
2	21	496.82194205379113	4	40	10	left	left	1	16	15.889	1007
2	22	1052.2000546429351	4	40	10	right	right	1	15	15.306	980
2	23	543.7114465104094	4	40	10	left	left	1	12	16.129	744
2	24	1359.3465576640147	4	40	10	left	left	1	10	16.207	617
2	25	448.6965516982616	4	40	10	right	right	1	13	14.925	871
2	26	1983.860571694479	4	40	10	left	left	1	12	16.021	749
2	27	314.97417698880054	4	40	10	left	left	1	9	15.544	579
2	28	1206.2749219844163	4	40	10	right	right	1	10	15.625	640
2	29	708.7715112757023	4	40	10	left	left	1	10	15.528	644
2	30	343.56274084458903	4	40	10	left	left	1	8	15.842	505
2	31	242.99273706128676	4	40	10	left	left	1	7	14.862	471
2	32	287.29153648625595	4	40	10	right	right	1	11	16.345	673
2	33	685.4918183512552	4	40	10	left	left	1	9	16.014	562
2	34	294.0784596580065	4	40	10	left	left	1	9	15.571	578
2	35	1324.9227915469269	4	40	10	right	left	0	10	15.898	629
2	36	536.4328261297625	4	40	10	right	right	1	15	15.756	952
2	37	550.2696516037756	4	40	10	left	left	1	11	15.089	729
2	38	646.7039779084364	4	40	10	right	right	1	9	16.071	560
2	39	1164.2402121284963	4	40	10	left	left	1	16	15.08	1061
2	40	485.76307671419613	4	40	10	right	right	1	8	16.842	475
3	1	225.99408384817983	4	40	10	right	right	1	46	11.917	3860
3	2	539.3016486473585	4	40	10	left	left	1	24	15.248	1574
3	3	375.2809010885749	4	40	10	right	left	0	40	15.004	2666
3	4	300.37761733388527	4	40	10	right	right	1	10	16.181	618
3	5	265.4811647609257	4	40	10	right	right	1	9	15.679	574
3	6	505.379061887421	4	40	10	left	left	1	11	15.647	703
3	7	1194.9499510192811	4	40	10	left	right	0	9	15.491	581
3	8	458.1747419012483	4	40	10	right	right	1	10	16.026	624
3	9	277.91621799068963	4	40	10	left	left	1	15	15.228	985
3	10	350.2649061417052	4	40	10	left	left	1	8	15.094	530
3	11	428.37129067722344	4	40	10	left	left	1	9	16.667	540
3	12	1177.1681436785188	4	40	10	right	right	1	9	16.304	552
3	13	237.9497773206877	4	40	10	left	left	1	12	16	750
3	14	1106.0487635480836	4	40	10	right	right	1	12	15.584	770
3	15	516.9426007220333	4	40	10	left	left	1	18	15.464	1164
3	16	523.2455315959387	4	40	10	right	right	1	9	15.05	598
3	17	1337.2118880534697	4	40	10	left	left	1	9	15.203	592
3	18	321.0812661648488	4	40	10	right	right	1	9	16.1	559
3	19	1287.02732420946	4	40	10	left	left	1	12	16.26	738
3	20	704.9895295867778	4	40	10	left	left	1	11	15.603	705
3	21	429.7572800673203	4	40	10	left	left	1	8	16.327	490
3	22	868.9045902982749	4	40	10	left	left	1	9	15.517	580
3	23	2643.674799849671	4	40	10	left	left	1	10	15.152	660
3	24	981.4456414197207	4	40	10	right	right	1	23	15.374	1496
3	25	2015.4792451403116	4	40	10	right	right	1	15	15.322	979
3	26	978.9910094735707	4	40	10	left	left	1	9	15.254	590
3	27	477.3680729223168	4	40	10	left	left	1	10	15.152	660
3	28	940.8238375668957	4	40	10	right	right	1	24	15.19	1580
3	29	1045.7824045303341	4	40	10	left	left	1	10	16.155	619
3	30	619.2997033097879	4	40	10	right	right	1	8	15.474	517
3	31	1872.2120123160516	4	40	10	left	left	1	12	15.789	760
3	32	564.9931283665455	4	40	10	right	right	1	7	15.487	452
3	33	347.21868417969876	4	40	10	left	left	1	10	15.48	646
3	34	600.3710440571328	4	40	10	right	right	1	9	16.275	553
3	35	1884.7771534301671	4	40	10	left	left	1	20	15.129	1322
3	36	956.285779755414	4	40	10	right	right	1	11	15.007	733
3	37	1113.858800732598	4	40	10	right	right	1	38	14.943	2543
3	38	1492.7712450768477	4	40	10	right	left	0	16	15.459	1035
3	39	2469.6578942759684	4	40	10	right	right	1	12	15.248	787
3	40	1329.082612932814	4	40	10	right	right	1	8	15.152	528
4	1	853.1220943130949	4	40	10	right	left	0	47	14.949	3144
4	2	1121.5645169486356	4	40	10	right	right	1	12	15.831	758
4	3	1056.936487379077	4	40	10	right	right	1	9	16.275	553
4	4	1268.628480346725	4	40	10	left	left	1	15	15.839	947
4	5	770.5418372952136	4	40	10	left	left	1	11	15.805	696
4	6	807.758893934365	4	40	10	right	right	1	9	16.304	552
4	7	742.4404941693593	4	40	10	left	left	1	15	15.856	946
4	8	208.45850669214894	4	40	10	left	left	1	13	15.854	820
4	9	388.8890252141407	4	40	10	right	right	1	9	16.514	545
4	10	1381.6920810153777	4	40	10	left	left	1	16	15.094	1060
4	11	425.9366241996894	4	40	10	left	left	1	10	15.267	655
4	12	1170.8306481587324	4	40	10	left	left	1	10	15.48	646
4	13	960.3012096090271	4	40	10	right	right	1	12	15.484	775
4	14	424.02756197147755	4	40	10	left	right	0	10	16.181	618
4	15	210.68037347076913	4	40	10	left	left	1	9	15.734	572
4	16	304.9075013234575	4	40	10	left	left	1	8	16.461	486
4	17	233.84995276566937	4	40	10	right	right	1	10	15.649	639
4	18	369.066160874548	4	40	10	right	left	0	11	16.224	678
4	19	1597.6674732246363	4	40	10	right	right	1	22	15.603	1410
4	20	1948.1181092846805	4	40	10	right	right	1	13	16.03	811
4	21	204.2913996793574	4	40	10	left	left	1	12	15.564	771
4	22	237.029538715137	4	40	10	left	right	0	11	15.027	732
4	23	501.9087379063889	4	40	10	left	left	1	11	16.32	674
4	24	957.0099803710705	4	40	10	left	left	1	9	15.789	570
4	25	463.4062015686656	4	40	10	right	right	1	10	16.447	608
4	26	743.4023340660118	4	40	10	left	left	1	9	15.625	576
4	27	500.38614887604115	4	40	10	right	right	1	9	16.667	540
4	28	207.09657091238745	4	40	10	left	left	1	9	14.975	601
4	29	1291.4355394539543	4	40	10	right	right	1	21	15.13	1388
4	30	856.5364776681296	4	40	10	left	left	1	9	15.203	592
4	31	554.5067084699106	4	40	10	right	right	1	10	16.474	607
4	32	2384.291474790221	4	40	10	right	right	1	16	15.564	1028
4	33	451.0841408850597	4	40	10	right	right	1	14	16.073	871
4	34	1312.5389586287693	4	40	10	right	right	1	9	15.845	568
4	35	470.44445574883963	4	40	10	left	left	1	13	15.439	842
4	36	402.64104641065364	4	40	10	right	right	1	11	15.493	710
4	37	241.4745803685107	4	40	10	left	left	1	16	15.399	1039
4	38	1723.243560186253	4	40	10	right	right	1	18	15.152	1188
4	39	531.3656567136386	4	40	10	right	right	1	9	15.517	580
4	40	1645.3934183505924	4	40	10	left	right	0	34	15.219	2234
