
blkNum	trlNum	randomStimulusOnsetTime	coherentDots	numberofDots	percentCoherence	winningDirection	response	correct	eventCount	averageFrameRate	RT
1	1	1597.467574380894	4	40	10	left	left	1	57	15.286	3729
1	2	1504.6190381531007	4	40	10	left	left	1	38	15.212	2498
1	3	1161.5294621612793	4	40	10	right	right	1	41	15.373	2667
1	4	665.6386129169592	4	40	10	left	left	1	13	16.089	808
1	5	358.81067996005726	4	40	10	right	right	1	76	15.185	5005
1	6	463.7957182999793	4	40	10	left	left	1	27	15.446	1748
1	7	1905.30128025202	4	40	10	left	left	1	39	15.282	2552
1	8	1674.579247291108	4	40	10	left	left	1	20	15.686	1275
1	9	1050.0810267348384	4	40	10	right	right	1	35	15.487	2260
1	10	1120.1994718809483	4	40	10	left	left	1	30	15.345	1955
1	11	767.7919650836726	4	40	10	left	left	1	52	15.43	3370
1	12	563.5748885419597	4	40	10	right	left	0	84	15.306	5488
1	13	298.8024374329206	4	40	10	left	left	1	29	15.328	1892
1	14	920.4670724176743	4	40	10	right	left	0	48	15.277	3142
1	15	808.043845065637	4	40	10	left	left	1	55	15.32	3590
1	16	2480.8679305196265	4	40	10	right	right	1	68	15.343	4432
1	17	613.8810007240209	4	40	10	right	left	0	100	15.175	6590
1	18	335.7061930584838	4	40	10	right	right	1	34	15.315	2220
1	19	1220.8292437792563	4	40	10	right	left	0	49	15.351	3192
1	20	1738.102084478502	4	40	10	right	left	0	41	15.443	2655
1	21	669.4168269043112	4	40	10	left	right	0	49	15.27	3209
1	22	957.5652300286645	4	40	10	left	left	1	112	15.284	7328
1	23	362.1584767146595	4	40	10	left	left	1	85	15.26	5570
1	24	823.2324038482448	4	40	10	left	right	0	38	15.188	2502
1	25	305.8329164186337	4	40	10	left	left	1	24	15.306	1568
1	26	811.3746545032817	4	40	10	left	left	1	86	15.254	5638
1	27	207.9028327785436	4	40	10	right	right	1	38	15.472	2456
1	28	236.63281380875515	4	40	10	left	left	1	11	15.449	712
1	29	619.0775317651025	4	40	10	right	right	1	39	15.276	2553
1	30	700.7416582530407	4	40	10	right	right	1	19	15.335	1239
1	31	558.21610942173	4	40	10	right	right	1	21	15.173	1384
1	32	627.9878195522883	4	40	10	right	right	1	67	15.258	4391
1	33	584.705108947615	4	40	10	right	left	0	28	15.599	1795
1	34	212.03414935900093	4	40	10	left	left	1	17	16.038	1060
1	35	222.05956791020338	4	40	10	left	left	1	18	15.451	1165
1	36	374.987253519704	4	40	10	right	left	0	14	15.982	876
1	37	329.02405750005335	4	40	10	right	left	0	16	15.429	1037
1	38	278.436973591893	4	40	10	right	right	1	16	15.474	1034
1	39	1120.292570524136	4	40	10	right	left	0	30	15.416	1946
1	40	678.0868960040959	4	40	10	left	right	0	14	16.037	873
2	1	919.9035613817006	4	40	10	left	left	1	36	15.254	2360
2	2	1942.0988556930067	4	40	10	right	right	1	15	15.353	977
2	3	1276.277425797434	4	40	10	right	left	0	31	15.392	2014
2	4	1085.372782414272	4	40	10	left	right	0	15	15.89	944
2	5	203.55074432382824	4	40	10	left	left	1	12	15.228	788
2	6	1396.697532479969	4	40	10	left	left	1	16	15.64	1023
2	7	235.7460163841257	4	40	10	left	left	1	27	15.228	1773
2	8	276.0601632199394	4	40	10	left	right	0	38	15.31	2482
2	9	2986.7297390724	4	40	10	right	left	0	19	15.422	1232
2	10	1823.6111281130954	4	40	10	left	right	0	33	15.544	2123
2	11	225.86401947334207	4	40	10	left	right	0	110	15.204	7235
2	12	969.0915739597809	4	40	10	left	left	1	15	15.593	962
2	13	699.8909967500301	4	40	10	left	left	1	32	15.422	2075
2	14	1345.9064204660424	4	40	10	right	left	0	67	15.279	4385
2	15	893.7816471209188	4	40	10	right	right	1	18	15.531	1159
2	16	445.0407289649629	4	40	10	left	left	1	20	15.81	1265
2	17	296.2421377387905	4	40	10	left	right	0	16	15.444	1036
2	18	2461.3942454676	4	40	10	right	left	0	12	15.424	778
2	19	847.5691638576659	4	40	10	right	right	1	10	16.474	607
2	20	721.0456192585532	4	40	10	right	right	1	11	15.782	697
2	21	2325.4996998057545	4	40	10	right	right	1	28	15.444	1813
2	22	399.1281604532393	4	40	10	right	left	0	24	15.574	1541
2	23	879.657991466354	4	40	10	left	right	0	11	15.537	708
2	24	374.76658552302337	4	40	10	left	left	1	22	15.737	1398
2	25	266.1455165179117	4	40	10	left	left	1	31	15.271	2030
2	26	346.15344625601927	4	40	10	right	left	0	36	15.365	2343
2	27	337.7654429642091	4	40	10	right	right	1	19	15.372	1236
2	28	998.3876160629948	4	40	10	left	left	1	63	15.381	4096
2	29	1049.182146698794	4	40	10	right	left	0	72	15.228	4728
2	30	202.32526966810394	4	40	10	left	left	1	93	15.213	6113
2	31	222.77405868024346	4	40	10	left	left	1	67	15.182	4413
2	32	690.2982389243192	4	40	10	right	right	1	42	15.368	2733
2	33	925.340654392077	4	40	10	left	right	0	14	15.819	885
2	34	819.4851130673727	4	40	10	right	left	0	8	16.461	486
2	35	325.28406908545577	4	40	10	left	right	0	10	16.639	601
2	36	1425.88874555197	4	40	10	right	left	0	18	15.531	1159
2	37	350.54249256066197	4	40	10	right	left	0	66	15.183	4347
2	38	215.96878988162297	4	40	10	right	right	1	11	15.805	696
2	39	1048.1123657143237	4	40	10	right	right	1	90	15.198	5922
2	40	1905.0308887817555	4	40	10	right	right	1	32	15.542	2059
3	1	3352.7386729115688	4	40	10	left	left	1	32	15.399	2078
3	2	401.6237509420321	4	40	10	left	left	1	45	15.358	2930
3	3	3528.271271953858	4	40	10	left	right	0	47	15.265	3079
3	4	913.2077630942065	4	40	10	left	left	1	19	15.873	1197
3	5	1862.2368454660823	4	40	10	right	right	1	40	15.367	2603
3	6	351.83770589686674	4	40	10	left	left	1	25	15.432	1620
3	7	230.18433083275372	4	40	10	right	right	1	24	15.494	1549
3	8	558.928621621113	4	40	10	right	right	1	25	15.451	1618
3	9	467.7203687642775	4	40	10	right	left	0	19	15.548	1222
3	10	697.3690303287541	4	40	10	left	left	1	14	15.368	911
3	11	797.7474791519186	4	40	10	left	right	0	17	15.426	1102
3	12	923.53749979497	4	40	10	right	left	0	32	15.595	2052
3	13	406.5981308310934	4	40	10	left	left	1	96	15.262	6290
3	14	324.08656774508825	4	40	10	right	right	1	46	15.157	3035
3	15	1186.4180737159077	4	40	10	left	right	0	20	15.279	1309
3	16	1757.574119115426	4	40	10	right	left	0	11	15.406	714
3	17	972.6582813064662	4	40	10	right	right	1	8	15.564	514
3	18	1670.1326887572638	4	40	10	left	right	0	39	15.318	2546
3	19	584.1188164211201	4	40	10	right	left	0	12	16.173	742
3	20	230.70275408045558	4	40	10	left	right	0	19	15.298	1242
3	21	342.41466786156434	4	40	10	right	right	1	31	15.516	1998
3	22	322.6123482467297	4	40	10	right	right	1	112	15.234	7352
3	23	1512.9214539567945	4	40	10	left	left	1	41	15.299	2680
3	24	681.8688621061063	4	40	10	right	right	1	35	15.48	2261
3	25	328.9652195016414	4	40	10	right	right	1	14	16.037	873
3	26	1303.4771394702527	4	40	10	right	right	1	12	15.727	763
3	27	441.6097383613733	4	40	10	left	right	0	11	15.363	716
3	28	1204.681890131903	4	40	10	right	right	1	11	15.67	702
3	29	1464.8505620293372	4	40	10	right	right	1	32	15.407	2077
3	30	805.1226749186615	4	40	10	left	left	1	14	16.148	867
3	31	962.9546357303423	4	40	10	right	right	1	12	15.831	758
3	32	781.9151982752977	4	40	10	left	left	1	11	15.406	714
3	33	1299.6505168252986	4	40	10	right	right	1	15	15.259	983
3	34	240.4997524387602	4	40	10	right	left	0	14	16	875
3	35	1049.0009894370137	4	40	10	left	right	0	9	16.698	539
3	36	876.7074958251561	4	40	10	left	left	1	7	16.092	435
3	37	215.60615845987994	4	40	10	left	right	0	7	15.152	462
3	38	1106.8798891248778	4	40	10	left	left	1	13	15.971	814
3	39	1971.4096686314324	4	40	10	left	left	1	10	16.611	602
3	40	752.4696622577833	4	40	10	right	right	1	33	15.335	2152
4	1	215.72518206000686	4	40	10	left	right	0	11	15.827	695
4	2	411.48350191020745	4	40	10	right	left	0	6	15.306	392
4	3	3829.3087441070566	4	40	10	left	left	1	20	15.337	1304
4	4	242.44023263638215	4	40	10	right	right	1	12	16	750
4	5	311.5004180225724	4	40	10	left	left	1	15	15.228	985
4	6	867.1418570146836	4	40	10	right	right	1	14	15.168	923
4	7	406.81320369424475	4	40	10	left	left	1	13	15.99	813
4	8	583.7462098195335	4	40	10	right	right	1	10	16.287	614
4	9	802.3901106694303	4	40	10	left	right	0	49	15.322	3198
4	10	691.6416292343903	4	40	10	right	left	0	9	16.822	535
4	11	1082.641712161228	4	40	10	left	right	0	11	16.129	682
4	12	1165.4850370599522	4	40	10	right	left	0	22	15.278	1440
4	13	287.27736878757725	4	40	10	left	right	0	25	15.3	1634
4	14	425.764110444185	4	40	10	left	left	1	36	15.158	2375
4	15	645.9426574282099	4	40	10	right	right	1	14	15.66	894
4	16	434.35745912651015	4	40	10	right	right	1	13	16.149	805
4	17	3349.392745293587	4	40	10	left	right	0	20	15.785	1267
4	18	564.4088556704303	4	40	10	right	left	0	22	15.395	1429
4	19	1111.4822982305968	4	40	10	right	right	1	12	15.852	757
4	20	1001.0276670445072	4	40	10	left	right	0	13	15.312	849
4	21	1141.7205897584683	4	40	10	right	left	0	13	16.291	798
4	22	1877.7145800253334	4	40	10	left	right	0	11	16.035	686
4	23	603.3251502945743	4	40	10	left	left	1	15	15.707	955
4	24	414.08414158159303	4	40	10	right	right	1	21	15.885	1322
4	25	319.4883614607112	4	40	10	left	left	1	13	15.777	824
4	26	369.50880387166967	4	40	10	right	right	1	16	15.564	1028
4	27	704.853081921257	4	40	10	left	left	1	18	15.929	1130
4	28	1628.0494088800167	4	40	10	left	right	0	13	15.606	833
4	29	305.0927743844503	4	40	10	left	left	1	15	15.873	945
4	30	1940.5892792858497	4	40	10	right	right	1	18	15.504	1161
4	31	571.4215072455829	4	40	10	right	left	0	18	15.986	1126
4	32	396.23685545855653	4	40	10	right	right	1	8	16.393	488
4	33	697.3151573261557	4	40	10	left	right	0	11	16.591	663
4	34	635.8504451682134	4	40	10	left	right	0	31	15.594	1988
4	35	216.6903392173942	4	40	10	right	left	0	27	15.306	1764
4	36	647.5437060689286	4	40	10	right	right	1	12	15.464	776
4	37	398.35434332911166	4	40	10	left	left	1	10	16.313	613
4	38	370.01145357685164	4	40	10	right	right	1	10	15.314	653
4	39	1790.7939617857735	4	40	10	left	left	1	15	15.823	948
4	40	1289.657326748832	4	40	10	right	left	0	47	15.235	3085
