
blkNum	trlNum	randomStimulusOnsetTime	coherentDots	numberofDots	percentCoherence	winningDirection	response	correct	eventCount	averageFrameRate	RT
1	1	536.126366944806	4	40	10	right	left	0	57	15.099	3775
1	2	338.41480290260256	4	40	10	right	left	0	23	15.426	1491
1	3	1317.2811258605725	4	40	10	right	right	1	57	15.111	3772
1	4	470.971057596317	4	40	10	left	left	1	19	15.067	1261
1	5	867.8356661812995	4	40	10	left	left	1	15	15.045	997
1	6	1402.0235566418562	4	40	10	right	right	1	14	15.73	890
1	7	668.3613228084926	4	40	10	left	left	1	19	15.472	1228
1	8	574.6350716518248	4	40	10	right	left	0	15	15.593	962
1	9	230.62232160334244	4	40	10	right	left	0	18	15.113	1191
1	10	705.602796946077	4	40	10	left	right	0	27	15.042	1795
1	11	980.3276540489846	4	40	10	left	left	1	12	16.194	741
1	12	1817.5064081145501	4	40	10	left	right	0	30	14.97	2004
1	13	2459.29986512077	4	40	10	right	left	0	34	15.213	2235
1	14	457.7815061133329	4	40	10	right	left	0	32	15.123	2116
1	15	3200.1906930984524	4	40	10	right	left	0	24	15.544	1544
1	16	212.2716022401931	4	40	10	left	right	0	21	15.306	1372
1	17	452.8363561160422	4	40	10	right	right	1	12	14.888	806
1	18	459.21643760869443	4	40	10	right	right	1	9	15.228	591
1	19	362.0771116063599	4	40	10	left	left	1	16	15.549	1029
1	20	719.907761029882	4	40	10	left	right	0	11	14.925	737
1	21	2115.108134246998	4	40	10	left	left	1	11	15.737	699
1	22	1064.9693515821689	4	40	10	left	right	0	12	16.043	748
1	23	570.6817285710695	4	40	10	right	right	1	13	15.719	827
1	24	1691.6402411193146	4	40	10	right	left	0	16	15.842	1010
1	25	916.2175780441988	4	40	10	right	left	0	11	15.342	717
1	26	634.6158581334249	4	40	10	left	right	0	12	15.524	773
1	27	832.0747275945057	4	40	10	left	left	1	11	15.896	692
1	28	239.6241818543757	4	40	10	left	left	1	9	15.817	569
1	29	898.676215371011	4	40	10	left	left	1	16	15.123	1058
1	30	1319.4233667785809	4	40	10	left	right	0	14	16.037	873
1	31	484.7689844653414	4	40	10	right	left	0	42	15.065	2788
1	32	266.84994811878056	4	40	10	left	right	0	13	15.064	863
1	33	1285.3772201465645	4	40	10	right	left	0	16	15.857	1009
1	34	493.13766679840563	4	40	10	right	right	1	9	15.177	593
1	35	220.11137519630506	4	40	10	left	right	0	12	15.326	783
1	36	566.3183891014593	4	40	10	right	left	0	9	15.075	597
1	37	1938.9152118596794	4	40	10	right	left	0	40	14.976	2671
1	38	262.04117286534273	4	40	10	left	left	1	61	15.006	4065
1	39	764.2327842242745	4	40	10	right	right	1	35	15.284	2290
1	40	475.1417192073706	4	40	10	left	left	1	26	15.357	1693
2	1	2081.603698867821	4	40	10	left	left	1	16	15.671	1021
2	2	768.460756109611	4	40	10	left	left	1	12	15.873	756
2	3	317.82841580095766	4	40	10	right	right	1	10	15.798	633
2	4	2287.6921101982607	4	40	10	right	right	1	15	15.4	974
2	5	648.1031220386365	4	40	10	right	right	1	14	15.453	906
2	6	998.341127684683	4	40	10	left	left	1	8	14.925	536
2	7	970.6912477262433	4	40	10	right	left	0	9	16.129	558
2	8	263.18906233405585	4	40	10	left	left	1	14	15.695	892
2	9	1497.991296671611	4	40	10	right	right	1	29	15.247	1902
2	10	892.8012208702419	4	40	10	right	right	1	15	15.806	949
2	11	828.9449738660348	4	40	10	left	left	1	14	15.677	893
2	12	270.26060810221526	4	40	10	left	left	1	18	15.517	1160
2	13	370.9151533036061	4	40	10	right	right	1	21	15.141	1387
2	14	366.5147394130465	4	40	10	right	right	1	26	15.038	1729
2	15	1024.8531442438862	4	40	10	right	right	1	26	15.276	1702
2	16	936.5714565599716	4	40	10	left	left	1	16	15.625	1024
2	17	304.48310298434586	4	40	10	right	right	1	32	15.253	2098
2	18	360.03311410085075	4	40	10	left	left	1	19	15.103	1258
2	19	835.4928448919917	4	40	10	left	left	1	34	15.004	2266
2	20	916.6891263696392	4	40	10	left	right	0	31	15.093	2054
2	21	1175.251664021308	4	40	10	right	right	1	37	15.315	2416
2	22	1149.6668717685952	4	40	10	right	right	1	21	15.385	1365
2	23	677.4932678221808	4	40	10	left	left	1	29	15.312	1894
2	24	474.11762009639665	4	40	10	left	left	1	22	15.193	1448
2	25	358.7422284840981	4	40	10	left	left	1	48	15.019	3196
2	26	257.15930859511786	4	40	10	right	right	1	18	15.451	1165
2	27	398.3997676290443	4	40	10	left	left	1	23	15.293	1504
2	28	3509.5969503144056	4	40	10	right	right	1	18	15.113	1191
2	29	627.9841872728528	4	40	10	left	left	1	23	15.541	1480
2	30	201.70305690680178	4	40	10	right	right	1	25	15.024	1664
2	31	548.7789955502025	4	40	10	left	left	1	28	14.925	1876
2	32	587.4261429671112	4	40	10	left	left	1	27	15.358	1758
2	33	1423.7079040342117	4	40	10	left	left	1	24	15.355	1563
2	34	706.3716064176155	4	40	10	right	right	1	16	15.109	1059
2	35	1847.3334690430634	4	40	10	right	right	1	16	15.579	1027
2	36	398.4792106506085	4	40	10	right	right	1	22	15.406	1428
2	37	354.91215064525284	4	40	10	right	right	1	45	15.213	2958
2	38	794.2017383563101	4	40	10	right	right	1	40	15.203	2631
2	39	477.1331760348058	4	40	10	left	left	1	23	15.385	1495
2	40	1112.357736005333	4	40	10	left	left	1	30	14.978	2003
3	1	956.3440053308104	4	40	10	left	left	1	18	15.371	1171
3	2	300.81068375192865	4	40	10	left	right	0	38	15.23	2495
3	3	860.3346578663087	4	40	10	right	right	1	15	15.385	975
3	4	535.2944659318844	4	40	10	right	left	0	76	15.035	5055
3	5	1129.9691204643927	4	40	10	right	right	1	40	14.987	2669
3	6	805.1911823201058	4	40	10	left	left	1	43	15.056	2856
3	7	1758.1677547360193	4	40	10	left	left	1	42	15.256	2753
3	8	883.1963044595984	4	40	10	right	right	1	30	14.97	2004
3	9	832.6679193819207	4	40	10	left	left	1	17	15.441	1101
3	10	672.4231316902635	4	40	10	left	left	1	38	15.038	2527
3	11	373.8789652489028	4	40	10	left	left	1	34	15.343	2216
3	12	568.0563935041769	4	40	10	right	right	1	14	15.102	927
3	13	1757.4611662369905	4	40	10	right	right	1	20	15.072	1327
3	14	453.47171719208615	4	40	10	left	left	1	12	15.152	792
3	15	551.2410671316429	4	40	10	left	left	1	17	15.525	1095
3	16	713.3070432424395	4	40	10	left	left	1	26	15.046	1728
3	17	1058.2146552072036	4	40	10	right	right	1	14	15.217	920
3	18	1001.2401233431287	4	40	10	right	right	1	17	15.554	1093
3	19	1183.1226552766589	4	40	10	right	right	1	45	14.955	3009
3	20	851.5971829674247	4	40	10	right	right	1	15	15.121	992
3	21	260.0754216863449	4	40	10	right	left	0	16	15.748	1016
3	22	213.18741338911627	4	40	10	right	right	1	31	15.362	2018
3	23	887.1486847960533	4	40	10	right	right	1	27	15.367	1757
3	24	1354.4203325841695	4	40	10	left	left	1	17	14.952	1137
3	25	2691.028687713852	4	40	10	left	left	1	53	15.195	3488
3	26	1025.8372412397368	4	40	10	right	right	1	21	15.097	1391
3	27	1733.5224688576156	4	40	10	right	right	1	23	15.364	1497
3	28	872.5832888449294	4	40	10	left	left	1	16	15.385	1040
3	29	583.0286650727166	4	40	10	right	right	1	23	15.478	1486
3	30	572.8910873897223	4	40	10	left	left	1	17	15.814	1075
3	31	307.8328859505111	4	40	10	left	left	1	17	15.568	1092
3	32	2066.5954615698283	4	40	10	right	right	1	14	15.005	933
3	33	952.2526753167937	4	40	10	left	left	1	17	15.77	1078
3	34	751.3012317437111	4	40	10	left	left	1	25	15.404	1623
3	35	538.1622386148197	4	40	10	left	left	1	18	15.451	1165
3	36	1248.59339393318	4	40	10	right	right	1	19	15.286	1243
3	37	1994.8726979100402	4	40	10	left	left	1	20	15.564	1285
3	38	557.8003734120778	4	40	10	right	right	1	14	15.054	930
3	39	543.1341161244843	4	40	10	right	right	1	18	15.411	1168
3	40	286.5561132839866	4	40	10	left	left	1	22	15.548	1415
4	1	1164.4749716874921	4	40	10	right	left	0	32	15.137	2114
4	2	935.1191657796657	4	40	10	left	left	1	21	15.521	1353
4	3	1083.5254311816716	4	40	10	right	right	1	20	15.302	1307
4	4	229.7902633708945	4	40	10	right	right	1	16	15.625	1024
4	5	257.466850309746	4	40	10	left	left	1	15	15.56	964
4	6	345.47896804456445	4	40	10	left	left	1	33	15.228	2167
4	7	633.5113965760966	4	40	10	right	right	1	20	14.925	1340
4	8	517.8572608439263	4	40	10	right	right	1	15	15.416	973
4	9	415.2869877036212	4	40	10	left	left	1	15	15.806	949
4	10	332.8138576802347	4	40	10	left	left	1	25	15.198	1645
4	11	929.2357431514564	4	40	10	right	right	1	9	16.014	562
4	12	247.96883096536797	4	40	10	right	left	0	9	15.929	565
4	13	781.0149833952513	4	40	10	left	left	1	26	14.925	1742
4	14	612.5638641157279	4	40	10	right	right	1	9	15.228	591
4	15	494.9202688436476	4	40	10	right	right	1	22	15.449	1424
4	16	1257.5071658220004	4	40	10	right	right	1	32	14.988	2135
4	17	239.45063969708792	4	40	10	left	left	1	39	15.035	2594
4	18	307.35541455936396	4	40	10	left	right	0	15	15.4	974
4	19	1168.7452631553708	4	40	10	right	right	1	14	15.608	897
4	20	446.0099967016178	4	40	10	right	right	1	26	15.421	1686
4	21	506.68391604035156	4	40	10	right	right	1	17	14.991	1134
4	22	720.4342627718107	4	40	10	left	left	1	60	15.186	3951
4	23	1023.3408821704309	4	40	10	left	left	1	33	15.186	2173
4	24	652.2097710430776	4	40	10	left	left	1	61	15.167	4022
4	25	622.198150235205	4	40	10	right	right	1	22	15.048	1462
4	26	650.5364992967106	4	40	10	left	left	1	13	15.458	841
4	27	272.01234192553164	4	40	10	right	right	1	20	14.959	1337
4	28	405.8681919429771	4	40	10	left	left	1	15	15.609	961
4	29	1076.316764807175	4	40	10	right	right	1	15	15.773	951
4	30	856.1298305266398	4	40	10	right	right	1	19	15.587	1219
4	31	529.207301481505	4	40	10	right	right	1	23	15.405	1493
4	32	499.3522746930777	4	40	10	right	left	0	17	15.357	1107
4	33	319.8584592876297	4	40	10	left	left	1	20	15.267	1310
4	34	523.6609095898491	4	40	10	left	left	1	26	15.231	1707
4	35	565.1067872875354	4	40	10	left	left	1	31	15.122	2050
4	36	1277.0229847192918	4	40	10	left	left	1	30	15.136	1982
4	37	902.4560245187789	4	40	10	left	left	1	18	15.517	1160
4	38	4431.114680230265	4	40	10	left	left	1	25	15.347	1629
4	39	243.74696370367852	4	40	10	right	right	1	16	15.748	1016
4	40	1321.1656652524673	4	40	10	left	left	1	15	15.385	975
