
blkNum	trlNum	randomStimulusOnsetTime	coherentDots	numberofDots	percentCoherence	winningDirection	response	correct	eventCount	averageFrameRate	RT
1	1	1051.9445455873333	4	40	10	left	left	1	76	15.064	5045
1	2	1351.8564026760216	4	40	10	right	left	0	30	15.283	1963
1	3	928.3638196689695	4	40	10	left	right	0	32	14.946	2141
1	4	343.8550981220472	4	40	10	right	right	1	18	15.679	1148
1	5	1938.5011621595306	4	40	10	left	right	0	31	15.241	2034
1	6	2492.304874276109	4	40	10	left	left	1	41	15.259	2687
1	7	390.9085334510504	4	40	10	left	left	1	31	15.392	2014
1	8	938.5654668730816	4	40	10	left	right	0	30	15.038	1995
1	9	1017.13021898143	4	40	10	right	right	1	61	15.043	4055
1	10	1274.9643041904023	4	40	10	right	left	0	18	15.504	1161
1	11	865.8475871407188	4	40	10	left	right	0	12	15.094	795
1	12	272.6996449435131	4	40	10	left	left	1	40	15.015	2664
1	13	712.5345102770876	4	40	10	left	left	1	29	14.941	1941
1	14	256.48313071778017	4	40	10	left	left	1	26	15.152	1716
1	15	227.72623888552062	4	40	10	right	right	1	47	15.152	3102
1	16	841.0920361473947	4	40	10	right	left	0	11	15.11	728
1	17	571.9520382320516	4	40	10	right	right	1	15	15.4	974
1	18	4136.727036242439	4	40	10	left	right	0	14	15.945	878
1	19	1713.7299935804378	4	40	10	left	left	1	28	14.973	1870
1	20	701.2465681756664	4	40	10	right	right	1	27	15.042	1795
1	21	318.6981336163436	4	40	10	left	right	0	13	15.458	841
1	22	355.72373259856545	4	40	10	left	right	0	16	15.152	1056
1	23	201.30660410671362	4	40	10	right	left	0	37	14.998	2467
1	24	676.7875462387833	4	40	10	left	left	1	23	15.282	1505
1	25	272.58302586057243	4	40	10	right	right	1	16	15.61	1025
1	26	1057.3039916770842	4	40	10	right	right	1	16	15.842	1010
1	27	461.0686248518172	4	40	10	left	right	0	17	15.098	1126
1	28	1331.1104429510144	4	40	10	right	right	1	23	15.562	1478
1	29	364.50476347509834	4	40	10	left	right	0	12	15.584	770
1	30	1302.3653422009968	4	40	10	right	right	1	14	14.957	936
1	31	2232.0319452619538	4	40	10	right	right	1	14	15.038	931
1	32	1172.2210344103637	4	40	10	right	right	1	12	15.666	766
1	33	349.07503027113955	4	40	10	right	right	1	19	15.152	1254
1	34	1950.4153418534277	4	40	10	left	right	0	15	15.337	978
1	35	428.92361271593103	4	40	10	right	right	1	15	15.045	997
1	36	601.9798356533073	4	40	10	right	right	1	19	15.41	1233
1	37	597.9089005797817	4	40	10	left	right	0	27	15.246	1771
1	38	438.967194440091	4	40	10	right	left	0	46	14.925	3082
1	39	1314.7977865200492	4	40	10	left	right	0	18	15.707	1146
1	40	1471.0771320493727	4	40	10	right	left	0	24	15.365	1562
2	1	2859.009684080641	4	40	10	left	right	0	663	14.914	44455
2	2	1008.6321210678611	4	40	10	right	left	0	26	15.055	1727
2	3	293.5309629631081	4	40	10	left	right	0	14	15.419	908
2	4	3414.162488902473	4	40	10	right	right	1	21	15.228	1379
2	5	890.845569748587	4	40	10	right	right	1	28	15.334	1826
2	6	2103.543167874309	4	40	10	right	left	0	65	15.137	4294
2	7	1578.4961758368697	4	40	10	left	left	1	60	15.045	3988
2	8	429.4993272360763	4	40	10	left	left	1	56	14.957	3744
2	9	664.3237731672177	4	40	10	left	left	1	40	15.238	2625
2	10	614.5866481249268	4	40	10	right	right	1	23	15.385	1495
2	11	2181.8217326799486	4	40	10	right	left	0	40	15.14	2642
2	12	652.7972624495872	4	40	10	right	right	1	20	15.198	1316
2	13	866.0777884120472	4	40	10	left	left	1	16	15.18	1054
2	14	448.8768399727077	4	40	10	right	left	0	61	15.14	4029
2	15	662.636195233325	4	40	10	right	right	1	19	15.651	1214
2	16	341.6487862955427	4	40	10	right	left	0	18	15.28	1178
2	17	569.9663842172033	4	40	10	right	right	1	82	15.013	5462
2	18	466.4916467100858	4	40	10	right	right	1	40	14.97	2672
2	19	985.2181763551018	4	40	10	right	right	1	69	15.016	4595
2	20	220.38601457455917	4	40	10	left	right	0	34	15.281	2225
2	21	223.5602813453892	4	40	10	left	left	1	67	15.049	4452
2	22	817.4033003983141	4	40	10	right	left	0	19	15.237	1247
2	23	366.064715021177	4	40	10	left	left	1	15	15.641	959
2	24	237.00203458053537	4	40	10	left	left	1	14	15.801	886
2	25	1217.2551582233136	4	40	10	left	right	0	14	15.945	878
2	26	421.98597060428966	4	40	10	right	right	1	134	14.917	8983
2	27	1272.9978015284537	4	40	10	left	left	1	12	15.038	798
2	28	803.3120226871366	4	40	10	left	right	0	110	14.978	7344
2	29	1842.8732616457196	4	40	10	left	left	1	14	15.385	910
2	30	312.1107364175074	4	40	10	left	left	1	18	15.611	1153
2	31	1311.6273300341795	4	40	10	left	left	1	13	15.873	819
2	32	2156.345717624444	4	40	10	right	right	1	40	15.285	2617
2	33	972.3392020936486	4	40	10	left	right	0	29	15.026	1930
2	34	1029.8648890501254	4	40	10	right	right	1	12	15.936	753
2	35	1110.9230736473469	4	40	10	right	right	1	12	15.385	780
2	36	713.2620507845616	4	40	10	right	right	1	11	15.919	691
2	37	1749.6196298746136	4	40	10	left	right	0	14	15.748	889
2	38	388.34173839316475	4	40	10	left	left	1	18	15.544	1158
2	39	200.5314734090568	4	40	10	right	right	1	13	15.663	830
2	40	294.0103947444627	4	40	10	left	right	0	12	16.129	744
3	1	1508.8909776264409	4	40	10	left	right	0	39	15.258	2556
3	2	630.2333364523516	4	40	10	left	right	0	23	15.212	1512
3	3	589.6052389602469	4	40	10	right	left	0	38	15.158	2507
3	4	362.00911391841794	4	40	10	left	right	0	30	14.918	2011
3	5	437.8831530975142	4	40	10	right	left	0	15	15.198	987
3	6	1857.6528124002941	4	40	10	left	left	1	14	15.784	887
3	7	347.5248248080223	4	40	10	left	right	0	27	15.22	1774
3	8	1569.4162166251008	4	40	10	left	right	0	19	14.984	1268
3	9	1342.9627980694797	4	40	10	right	left	0	29	15.303	1895
3	10	253.22721826490275	4	40	10	right	right	1	12	14.963	802
3	11	316.5108726118322	4	40	10	left	right	0	15	15.496	968
3	12	395.55916932789853	4	40	10	right	left	0	23	14.974	1536
3	13	547.7529194980291	4	40	10	right	right	1	41	14.98	2737
3	14	1789.7720783841842	4	40	10	right	right	1	18	15.013	1199
3	15	837.0790672834646	4	40	10	right	left	0	39	15.258	2556
3	16	1001.7479496097095	4	40	10	left	left	1	23	14.935	1540
3	17	1400.8220320676912	4	40	10	right	right	1	13	15.606	833
3	18	262.2780747952787	4	40	10	left	right	0	19	15.31	1241
3	19	640.3299572536523	4	40	10	right	left	0	13	16.169	804
3	20	923.0562358179968	4	40	10	left	left	1	16	15.826	1011
3	21	723.7893029453086	4	40	10	left	left	1	11	15.493	710
3	22	676.2166901160851	4	40	10	right	left	0	12	15.209	789
3	23	1378.1238855823788	4	40	10	right	right	1	24	15.047	1595
3	24	767.8052299821061	4	40	10	right	left	0	41	15.163	2704
3	25	994.5844357980117	4	40	10	left	left	1	70	14.96	4679
3	26	438.5315221074429	4	40	10	right	left	0	27	15.101	1788
3	27	496.51870679916584	4	40	10	left	right	0	37	15.096	2451
3	28	554.6909957564208	4	40	10	right	left	0	12	15.686	765
3	29	472.80638016941566	4	40	10	left	right	0	682	14.857	45904
3	30	1749.9506069801205	4	40	10	right	left	0	191	14.932	12791
3	31	296.1260803145043	4	40	10	right	right	1	92	14.954	6152
3	32	2292.159168861429	4	40	10	left	left	1	20	15.163	1319
3	33	1055.2097276509269	4	40	10	right	right	1	23	15.488	1485
3	34	1597.74863924083	4	40	10	right	left	0	68	14.985	4538
3	35	592.0390267876743	4	40	10	left	right	0	32	15.173	2109
3	36	245.3273771185801	4	40	10	left	left	1	18	15.639	1151
3	37	260.90301904877185	4	40	10	right	right	1	28	15.184	1844
3	38	506.02688036822724	4	40	10	left	right	0	16	15.238	1050
3	39	646.065188198771	4	40	10	left	left	1	11	15.603	705
3	40	286.16284449988717	4	40	10	left	left	1	16	15.61	1025
4	1	246.53453141671673	4	40	10	left	left	1	193	15.003	12864
4	2	281.4491081516362	4	40	10	right	right	1	25	15.48	1615
4	3	968.8880154854872	4	40	10	left	left	1	18	15.464	1164
4	4	505.13333081577855	4	40	10	left	left	1	18	15.254	1180
4	5	697.5086961124603	4	40	10	left	left	1	12	16.151	743
4	6	372.0281671034078	4	40	10	left	left	1	9	15.05	598
4	7	1007.3665020796017	4	40	10	left	right	0	14	15.402	909
4	8	1269.011995352069	4	40	10	left	left	1	19	15.188	1251
4	9	836.621355953152	4	40	10	right	right	1	19	15.536	1223
4	10	2020.2751361763726	4	40	10	left	left	1	23	15.426	1491
4	11	808.8742991109998	4	40	10	left	left	1	27	15.126	1785
4	12	268.09900985895524	4	40	10	right	right	1	15	15.182	988
4	13	2209.5627170380008	4	40	10	right	left	0	33	15.207	2170
4	14	772.6379142850141	4	40	10	left	left	1	11	15.449	712
4	15	301.391092657443	4	40	10	left	left	1	16	15.326	1044
4	16	692.2459545700398	4	40	10	left	left	1	15	15.94	941
4	17	987.8901641873999	4	40	10	right	right	1	17	15.071	1128
4	18	2014.741841510203	4	40	10	right	left	0	28	15.242	1837
4	19	1577.5336722911532	4	40	10	right	left	0	39	15.282	2552
4	20	2055.403406586237	4	40	10	left	right	0	15	15.464	970
4	21	335.9537149829791	4	40	10	right	left	0	50	14.934	3348
4	22	945.321764240569	4	40	10	left	left	1	17	15.233	1116
4	23	427.82813315676344	4	40	10	right	right	1	22	15.267	1441
4	24	1779.418175528436	4	40	10	right	left	0	14	15.487	904
4	25	414.58910218765436	4	40	10	right	left	0	27	15.246	1771
4	26	2046.6969125671524	4	40	10	left	left	1	93	14.971	6212
4	27	483.78106246393617	4	40	10	right	left	0	26	15.412	1687
4	28	290.41962538774595	4	40	10	left	left	1	28	15.005	1866
4	29	480.04195198589264	4	40	10	right	left	0	25	15.432	1620
4	30	1094.0858389485893	4	40	10	right	left	0	226	14.954	15113
4	31	642.1022616083915	4	40	10	right	right	1	20	15.552	1286
4	32	359.0332836463943	4	40	10	right	left	0	78	15.023	5192
4	33	512.6819498179511	4	40	10	right	left	0	417	14.911	27965
4	34	492.7627894494791	4	40	10	right	right	1	21	14.947	1405
4	35	1127.3268178861015	4	40	10	left	left	1	33	15.342	2151
4	36	567.8919509738136	4	40	10	right	right	1	58	15.144	3830
4	37	1247.6136935667384	4	40	10	left	left	1	15	15.136	991
4	38	421.9920099232752	4	40	10	left	left	1	35	15.08	2321
4	39	1735.3431377506254	4	40	10	left	left	1	20	15.637	1279
4	40	427.1280468355453	4	40	10	right	left	0	15	15.213	986
