
blkNum	trlNum	randomStimulusOnsetTime	coherentDots	numberofDots	percentCoherence	winningDirection	response	correct	eventCount	averageFrameRate	RT
1	1	703.0483646774721	4	40	10	right	right	1	5101	15.084	338168
1	2	201.6454067903049	4	40	10	left	left	1	77	15.154	5081
1	3	884.3787334362312	4	40	10	left	right	0	61	15.377	3967
1	4	1057.4792370574908	4	40	10	right	right	1	122	15.202	8025
1	5	1681.792337491442	4	40	10	left	left	1	48	15.331	3131
1	6	703.5165958979243	4	40	10	right	right	1	108	15.211	7100
1	7	1688.026711944227	4	40	10	left	left	1	45	15.192	2962
1	8	464.0623711579677	4	40	10	left	left	1	107	15.128	7073
1	9	202.64622774282887	4	40	10	left	left	1	36	15.437	2332
1	10	2789.2976668558636	4	40	10	right	right	1	22	15.374	1431
1	11	1803.1413302726746	4	40	10	left	left	1	16	15.534	1030
1	12	2091.3253610383667	4	40	10	right	right	1	21	15.637	1343
1	13	764.5451894567767	4	40	10	right	left	0	13	15.24	853
1	14	1524.974163759676	4	40	10	left	left	1	54	15.177	3558
1	15	973.9943610900106	4	40	10	left	left	1	33	15.522	2126
1	16	505.07277151273087	4	40	10	right	right	1	56	15.193	3686
1	17	607.8494571214148	4	40	10	right	right	1	52	15.417	3373
1	18	825.4800097253342	4	40	10	right	right	1	70	15.188	4609
1	19	1270.9403549108804	4	40	10	right	right	1	42	15.487	2712
1	20	356.8365723959647	4	40	10	left	left	1	14	16.073	871
1	21	411.52737067616675	4	40	10	left	left	1	13	15.116	860
1	22	295.61329242967054	4	40	10	right	right	1	22	15.714	1400
1	23	477.58271173801364	4	40	10	right	right	1	16	15.474	1034
1	24	221.28419164940897	4	40	10	right	right	1	15	15.213	986
1	25	2025.7131906962868	4	40	10	right	right	1	46	15.436	2980
1	26	681.9491791246683	4	40	10	left	left	1	20	15.129	1322
1	27	2337.3945916812036	4	40	10	left	left	1	16	15.311	1045
1	28	1630.752021299635	4	40	10	left	left	1	14	15.73	890
1	29	493.8467683685415	4	40	10	left	left	1	12	15.248	787
1	30	522.4073413984083	4	40	10	left	left	1	16	15.504	1032
1	31	646.5353774779007	4	40	10	left	left	1	42	15.239	2756
1	32	859.0828544349157	4	40	10	left	left	1	15	15.873	945
1	33	400.2116994985035	4	40	10	right	right	1	18	15.571	1156
1	34	1197.1285364647588	4	40	10	right	right	1	16	15.18	1054
1	35	764.0081057979947	4	40	10	right	right	1	14	15.748	889
1	36	486.84072635632384	4	40	10	right	right	1	14	14.894	940
1	37	605.8006865893474	4	40	10	left	left	1	12	15.564	771
1	38	1446.0556238698716	4	40	10	right	right	1	18	15.776	1141
1	39	654.8366006048133	4	40	10	left	left	1	14	15.784	887
1	40	370.14229624064734	4	40	10	right	right	1	14	16.073	871
2	1	1198.0417716884474	4	40	10	left	right	0	45	15.162	2968
2	2	986.8762710872396	4	40	10	left	left	1	21	15.217	1380
2	3	222.9851326450273	4	40	10	left	left	1	19	15.46	1229
2	4	1343.7960458673112	4	40	10	left	left	1	13	15.644	831
2	5	1112.4995657670324	4	40	10	left	left	1	11	15.692	701
2	6	617.3925672056348	4	40	10	left	left	1	11	15.515	709
2	7	605.9228378023495	4	40	10	right	right	1	15	15.152	990
2	8	940.390682484069	4	40	10	right	right	1	11	15.342	717
2	9	279.1501756330216	4	40	10	right	right	1	13	15.99	813
2	10	958.240031433507	4	40	10	left	left	1	11	15.737	699
2	11	626.2279158656238	4	40	10	left	left	1	16	15.385	1040
2	12	962.4855457992854	4	40	10	left	left	1	9	15.203	592
2	13	828.4654098123951	4	40	10	left	left	1	9	15.652	575
2	14	1540.533233378068	4	40	10	right	right	1	13	15.513	838
2	15	247.8742290646	4	40	10	left	left	1	10	16.181	618
2	16	780.5079193948258	4	40	10	right	right	1	11	16.058	685
2	17	767.4061430553751	4	40	10	right	right	1	14	15.368	911
2	18	670.6541994239562	4	40	10	left	left	1	11	16.492	667
2	19	204.62268032592502	4	40	10	right	right	1	17	15.274	1113
2	20	839.7376355376049	4	40	10	right	right	1	18	15.477	1163
2	21	525.3928229006438	4	40	10	left	left	1	13	15.758	825
2	22	377.68777372661486	4	40	10	right	right	1	12	15.424	778
2	23	744.6934489463916	4	40	10	right	right	1	12	15.936	753
2	24	1627.0086778230566	4	40	10	right	right	1	13	15.834	821
2	25	1858.1473018558215	4	40	10	right	right	1	12	16.021	749
2	26	770.1409037029208	4	40	10	left	left	1	10	15.699	637
2	27	609.643495915587	4	40	10	left	left	1	9	16.423	548
2	28	998.4664871857616	4	40	10	left	left	1	9	15	600
2	29	1887.3101299162438	4	40	10	right	left	0	9	15.385	585
2	30	1722.0505760061358	4	40	10	left	left	1	16	15.889	1007
2	31	504.6475914689668	4	40	10	right	right	1	12	15.852	757
2	32	888.857440390612	4	40	10	right	right	1	19	15.472	1228
2	33	418.43849722404434	4	40	10	right	right	1	12	15.267	786
2	34	975.0576078943957	4	40	10	left	left	1	11	15.193	724
2	35	562.4936815932278	4	40	10	left	left	1	11	16.248	677
2	36	1722.8656735960078	4	40	10	left	left	1	11	16.153	681
2	37	2579.527897646082	4	40	10	right	right	1	12	15.564	771
2	38	602.9227245619263	4	40	10	right	right	1	16	15.534	1030
2	39	478.7779858351572	4	40	10	right	right	1	10	15.244	656
2	40	445.07315094328396	4	40	10	right	right	1	7	15.184	461
3	1	261.4215438282203	4	40	10	left	left	1	13	15.348	847
3	2	1235.8626914843778	4	40	10	right	left	0	10	16.502	606
3	3	763.3417051554688	4	40	10	right	right	1	11	15.919	691
3	4	245.79570257681416	4	40	10	right	right	1	9	15.762	571
3	5	2689.1139061926738	4	40	10	left	left	1	10	16.051	623
3	6	917.211836059719	4	40	10	left	left	1	9	16.484	546
3	7	742.4059618887106	4	40	10	left	left	1	13	16.149	805
3	8	462.95609178988235	4	40	10	right	right	1	11	16.32	674
3	9	980.8730580316995	4	40	10	left	left	1	10	15.723	636
3	10	396.64779832243704	4	40	10	left	right	0	9	15.126	595
3	11	1018.5603327668246	4	40	10	left	left	1	17	15.152	1122
3	12	1238.4172226405713	4	40	10	right	right	1	23	15.447	1489
3	13	769.2530920907446	4	40	10	left	left	1	10	15.601	641
3	14	342.2880339534262	4	40	10	left	left	1	15	15.957	940
3	15	1303.2569971098455	4	40	10	left	left	1	9	15.437	583
3	16	428.0297999397985	4	40	10	right	right	1	12	16	750
3	17	462.18780653590477	4	40	10	right	right	1	13	15.854	820
3	18	272.5575010371842	4	40	10	left	left	1	10	16.287	614
3	19	1240.2727479298578	4	40	10	left	left	1	14	15.317	914
3	20	1814.3399254387475	4	40	10	right	right	1	12	15.504	774
3	21	623.0169797376158	4	40	10	right	right	1	11	15.625	704
3	22	378.3813115359897	4	40	10	right	right	1	14	15.487	904
3	23	823.0076343328126	4	40	10	right	right	1	11	15.342	717
3	24	420.35508121325006	4	40	10	left	left	1	9	16.393	549
3	25	276.0031836447812	4	40	10	right	right	1	16	15.61	1025
3	26	1980.332602299028	4	40	10	right	right	1	13	15.834	821
3	27	232.12669810119095	4	40	10	left	left	1	11	16.345	673
3	28	1697.1563629068587	4	40	10	right	right	1	18	15.19	1185
3	29	263.3086709082315	4	40	10	right	left	0	19	15.82	1201
3	30	406.0305162674931	4	40	10	left	left	1	35	15.459	2264
3	31	601.1024697701209	4	40	10	right	right	1	11	15.515	709
3	32	751.2661924330544	4	40	10	right	right	1	15	16.026	936
3	33	772.9939068359334	4	40	10	left	left	1	15	15.528	966
3	34	1971.5745640099042	4	40	10	right	right	1	18	15.803	1139
3	35	1013.0122438946302	4	40	10	left	left	1	12	16.194	741
3	36	417.0805047694822	4	40	10	right	right	1	27	15.35	1759
3	37	1099.3802708085523	4	40	10	left	left	1	11	15.537	708
3	38	573.2205728398378	4	40	10	right	right	1	17	15.031	1131
3	39	384.89916917535163	4	40	10	left	left	1	11	15.559	707
3	40	1998.0139720053598	4	40	10	left	left	1	11	16.129	682
4	1	1539.2046087011333	4	40	10	right	right	1	16	15.444	1036
4	2	1598.4124953189446	4	40	10	right	right	1	9	14.286	630
4	3	342.09087443283374	4	40	10	left	left	1	10	15.198	658
4	4	589.2115720950685	4	40	10	right	right	1	10	15.175	659
4	5	379.49071665607937	4	40	10	left	left	1	11	16.248	677
4	6	586.6786782428053	4	40	10	right	right	1	9	15.734	572
4	7	362.3788564920651	4	40	10	right	right	1	9	15.957	564
4	8	456.47899766194445	4	40	10	right	right	1	11	16.345	673
4	9	952.5397584208885	4	40	10	right	right	1	9	16.605	542
4	10	233.90883129965977	4	40	10	left	right	0	8	15.779	507
4	11	1507.0611410060314	4	40	10	left	left	1	10	15.949	627
4	12	1195.056922758833	4	40	10	left	left	1	9	16.216	555
4	13	311.6287357190931	4	40	10	right	right	1	13	16.03	811
4	14	1121.4800378231507	4	40	10	left	left	1	9	15.734	572
4	15	850.5388248423227	4	40	10	left	left	1	10	16.129	620
4	16	421.4103053782338	4	40	10	left	left	1	10	16.502	606
4	17	670.7138116144715	4	40	10	left	left	1	10	15.924	628
4	18	816.3933242687742	4	40	10	right	right	1	10	15.723	636
4	19	887.9013153529239	4	40	10	right	right	1	17	15.568	1092
4	20	221.28128624377797	4	40	10	left	left	1	10	15.408	649
4	21	215.3515095375692	4	40	10	left	left	1	13	16.149	805
4	22	309.6913826366344	4	40	10	right	right	1	13	15.834	821
4	23	2445.551317152204	4	40	10	left	left	1	11	15.471	711
4	24	297.3760292952417	4	40	10	left	left	1	19	15.335	1239
4	25	225.6596609480175	4	40	10	right	right	1	14	15.642	895
4	26	1335.0979374438152	4	40	10	left	left	1	11	15.559	707
4	27	285.2420538051966	4	40	10	right	right	1	17	15.683	1084
4	28	936.4711396630066	4	40	10	right	right	1	14	15.521	902
4	29	236.39810490940584	4	40	10	left	left	1	10	15.924	628
4	30	627.9215901983391	4	40	10	right	right	1	14	15.436	907
4	31	587.2916778610411	4	40	10	left	left	1	10	15.175	659
4	32	268.5025378847876	4	40	10	left	left	1	12	15.584	770
4	33	317.2617235798181	4	40	10	left	left	1	12	15.385	780
4	34	569.5597868666343	4	40	10	right	right	1	9	16.304	552
4	35	916.9127728102028	4	40	10	left	left	1	10	15.576	642
4	36	346.7292247461752	4	40	10	right	right	1	18	15.748	1143
4	37	850.3891158232459	4	40	10	right	right	1	16	15.595	1026
4	38	235.3480216439487	4	40	10	right	right	1	13	16.01	812
4	39	712.6107682903363	4	40	10	left	left	1	22	15.246	1443
4	40	1098.4019914036876	4	40	10	right	right	1	20	15.279	1309
