
blkNum	trlNum	randomStimulusOnsetTime	coherentDots	numberofDots	percentCoherence	winningDirection	response	correct	eventCount	averageFrameRate	RT
1	1	1069.4969656254862	4	40	10	left	left	1	21	15.556	1350
1	2	1474.0695699996072	4	40	10	left	right	0	22	15.342	1434
1	3	203.3270355714185	4	40	10	right	right	1	26	15.476	1680
1	4	201.65174148926945	4	40	10	left	left	1	32	15.496	2065
1	5	318.334287816676	4	40	10	right	right	1	15	15.259	983
1	6	2143.8801349554715	4	40	10	right	right	1	18	15.385	1170
1	7	1411.9359723362793	4	40	10	right	right	1	11	16.035	686
1	8	1688.5736854073068	4	40	10	left	left	1	13	15.366	846
1	9	889.2343005672575	4	40	10	left	left	1	22	15.246	1443
1	10	2986.784613998565	4	40	10	left	left	1	30	15.167	1978
1	11	612.5759758999599	4	40	10	left	right	0	19	14.996	1267
1	12	552.4864780335713	4	40	10	right	right	1	22	15.363	1432
1	13	612.980641633329	4	40	10	right	right	1	26	15.588	1668
1	14	2831.891282900655	4	40	10	left	left	1	20	15.723	1272
1	15	1315.7556638037559	4	40	10	right	right	1	24	15.758	1523
1	16	545.0870344932034	4	40	10	left	left	1	49	15.289	3205
1	17	822.2443213906445	4	40	10	left	left	1	36	15.28	2356
1	18	431.46083952969593	4	40	10	left	left	1	19	15.261	1245
1	19	1071.3300902193412	4	40	10	left	left	1	21	15.672	1340
1	20	457.3720315873968	4	40	10	left	left	1	18	15.254	1180
1	21	586.756405293989	4	40	10	left	right	0	30	15.385	1950
1	22	1147.5489181396792	4	40	10	right	right	1	18	15.517	1160
1	23	962.7294464094629	4	40	10	right	right	1	29	15.167	1912
1	24	203.76704821391783	4	40	10	left	left	1	19	15.472	1228
1	25	722.4360344109288	4	40	10	right	right	1	23	15.212	1512
1	26	433.796548265315	4	40	10	right	right	1	33	15.421	2140
1	27	978.8893146495477	4	40	10	right	right	1	17	16.053	1059
1	28	1341.5125446753525	4	40	10	right	right	1	33	15.271	2161
1	29	611.8672848912903	4	40	10	right	right	1	32	15.326	2088
1	30	597.4291781631101	4	40	10	right	right	1	20	15.256	1311
1	31	337.7826082607779	4	40	10	left	left	1	19	15.523	1224
1	32	860.4649580605354	4	40	10	right	right	1	19	15.728	1208
1	33	1122.8046225665917	4	40	10	left	right	0	24	15.605	1538
1	34	440.3136074797211	4	40	10	right	right	1	19	15.152	1254
1	35	333.9183026090293	4	40	10	right	right	1	17	15.511	1096
1	36	292.84228338879547	4	40	10	right	right	1	23	15.636	1471
1	37	543.5994982861179	4	40	10	left	left	1	18	15.332	1174
1	38	1180.9227760901263	4	40	10	right	right	1	16	15.779	1014
1	39	1613.19446151797	4	40	10	left	right	0	12	16.043	748
1	40	211.7275463750624	4	40	10	left	left	1	21	14.947	1405
2	1	445.46780971919856	4	40	10	right	right	1	32	15.392	2079
2	2	1596.7799655040792	4	40	10	right	right	1	22	15.363	1432
2	3	832.9595351065183	4	40	10	right	right	1	17	15.933	1067
2	4	308.75934069320397	4	40	10	left	left	1	26	15.267	1703
2	5	368.22566059366824	4	40	10	left	right	0	28	15.556	1800
2	6	226.9709649972894	4	40	10	right	right	1	25	15.394	1624
2	7	1016.313521001443	4	40	10	right	right	1	20	15.48	1292
2	8	1361.9623364601296	4	40	10	right	left	0	25	15.694	1593
2	9	499.02847045347636	4	40	10	right	right	1	31	15.331	2022
2	10	1054.612830765579	4	40	10	right	right	1	24	15.161	1583
2	11	296.586576473548	4	40	10	left	right	0	54	15.113	3573
2	12	769.3611801212679	4	40	10	left	left	1	36	15.464	2328
2	13	1843.6029796181301	4	40	10	right	right	1	30	15.568	1927
2	14	394.12235095572663	4	40	10	left	left	1	38	15.316	2481
2	15	747.1050332568484	4	40	10	right	right	1	17	15.843	1073
2	16	1142.323996737701	4	40	10	right	right	1	18	15.464	1164
2	17	526.2255636183764	4	40	10	left	left	1	21	15.184	1383
2	18	610.0766164004376	4	40	10	left	right	0	47	15.425	3047
2	19	597.7952665107304	4	40	10	left	right	0	35	15.184	2305
2	20	1428.3628301218616	4	40	10	right	right	1	27	15.203	1776
2	21	646.3252201784072	4	40	10	right	right	1	30	15.464	1940
2	22	814.2028826844914	4	40	10	left	left	1	21	15.317	1371
2	23	1224.0107101139076	4	40	10	left	left	1	33	15.559	2121
2	24	492.40874394131845	4	40	10	left	right	0	38	15.555	2443
2	25	357.4059676725634	4	40	10	right	right	1	19	15.485	1227
2	26	966.199264108512	4	40	10	left	left	1	23	15.385	1495
2	27	635.0609086548718	4	40	10	right	right	1	17	15.302	1111
2	28	206.2527996149306	4	40	10	left	right	0	24	15.199	1579
2	29	439.7254463829449	4	40	10	left	left	1	29	15.191	1909
2	30	628.8457647063125	4	40	10	right	right	1	34	15.371	2212
2	31	1582.9992845586455	4	40	10	left	left	1	48	15.34	3129
2	32	533.9994935760419	4	40	10	right	right	1	40	15.221	2628
2	33	781.9284995834394	4	40	10	left	left	1	25	15.605	1602
2	34	240.58654088325287	4	40	10	right	right	1	29	15.36	1888
2	35	510.00193992378513	4	40	10	left	right	0	25	15.625	1600
2	36	988.9585151287921	4	40	10	left	left	1	21	15.195	1382
2	37	669.7386741597008	4	40	10	right	right	1	23	15.395	1494
2	38	482.07251861404734	4	40	10	left	left	1	20	15.576	1284
2	39	287.7859269774424	4	40	10	left	right	0	26	15.169	1714
2	40	250.1527343720336	4	40	10	right	right	1	17	15.918	1068
3	1	2096.3790888271255	4	40	10	right	right	1	12	15.484	775
3	2	734.0816234216273	4	40	10	left	right	0	33	15.413	2141
3	3	751.9188767864075	4	40	10	left	left	1	10	15.456	647
3	4	512.2975124172987	4	40	10	right	right	1	31	15.233	2035
3	5	1188.717034241086	4	40	10	left	left	1	22	15.681	1403
3	6	3286.529481489653	4	40	10	right	right	1	12	15.645	767
3	7	819.0564397766772	4	40	10	left	right	0	11	15.67	702
3	8	1198.5496436232143	4	40	10	left	right	0	14	16.018	874
3	9	202.52784446498475	4	40	10	right	right	1	20	15.504	1290
3	10	1839.4284517769872	4	40	10	left	left	1	32	15.519	2062
3	11	1501.7568320216565	4	40	10	right	right	1	14	15.453	906
3	12	450.34883320075187	4	40	10	left	left	1	31	15.309	2025
3	13	606.8299673188391	4	40	10	left	right	0	29	15.55	1865
3	14	2420.388285828749	4	40	10	left	right	0	23	15.7	1465
3	15	564.2592753525578	4	40	10	right	right	1	16	15.282	1047
3	16	429.7803789220574	4	40	10	left	right	0	20	15.588	1283
3	17	264.62810371798867	4	40	10	right	right	1	29	15.263	1900
3	18	1560.3328978437135	4	40	10	right	right	1	23	15.385	1495
3	19	265.97577866100283	4	40	10	left	left	1	16	15.564	1028
3	20	646.9084658199442	4	40	10	right	right	1	15	15.991	938
3	21	584.5614930799607	4	40	10	left	right	0	17	15.726	1081
3	22	1335.4203223884715	4	40	10	right	right	1	14	15.119	926
3	23	1071.9960407323556	4	40	10	left	left	1	46	15.333	3000
3	24	1517.737297715147	4	40	10	right	right	1	18	15.267	1179
3	25	750.2758272609444	4	40	10	left	right	0	18	15.803	1139
3	26	234.80792233280636	4	40	10	left	left	1	18	14.913	1207
3	27	3999.7627711011737	4	40	10	left	right	0	34	15.295	2223
3	28	692.8047662280833	4	40	10	left	left	1	25	15.142	1651
3	29	923.3387441709049	4	40	10	right	right	1	33	15.442	2137
3	30	1404.3952119224737	4	40	10	left	right	0	24	15.656	1533
3	31	694.9661701506625	4	40	10	right	right	1	21	15.441	1360
3	32	344.3589871001773	4	40	10	right	right	1	20	15.444	1295
3	33	581.4703235944165	4	40	10	left	right	0	25	15.499	1613
3	34	1202.9502076211265	4	40	10	left	left	1	28	15.217	1840
3	35	903.5696429359755	4	40	10	right	right	1	24	15.595	1539
3	36	2451.4270334365756	4	40	10	right	right	1	24	15.326	1566
3	37	718.0915127158299	4	40	10	right	right	1	19	15.638	1215
3	38	551.109751870039	4	40	10	right	right	1	21	15.419	1362
3	39	449.94459528907066	4	40	10	right	right	1	28	15.538	1802
3	40	923.9261393979211	4	40	10	right	right	1	107	15.195	7042
4	1	397.11548062767235	4	40	10	left	right	0	29	15.376	1886
4	2	313.7932702963738	4	40	10	right	right	1	13	15.152	858
4	3	530.3239578912103	4	40	10	right	right	1	10	15.385	650
4	4	1519.9453805884132	4	40	10	left	left	1	22	15.504	1419
4	5	1895.6492542708536	4	40	10	right	right	1	16	15.702	1019
4	6	1609.7334470092899	4	40	10	right	right	1	20	15.748	1270
4	7	431.5002926908023	4	40	10	left	right	0	20	15.686	1275
4	8	401.94671896015603	4	40	10	left	right	0	31	15.562	1992
4	9	1515.777115994238	4	40	10	left	left	1	23	15.625	1472
4	10	220.8925720446286	4	40	10	right	right	1	40	15.432	2592
4	11	479.3035315993641	4	40	10	right	right	1	19	15.422	1232
4	12	255.92226005675553	4	40	10	left	left	1	14	15.402	909
4	13	440.36653542532	4	40	10	right	right	1	14	15.73	890
4	14	731.0443901085132	4	40	10	left	right	0	44	15.449	2848
4	15	1237.2565083128143	4	40	10	left	left	1	14	16.055	872
4	16	711.3541627797933	4	40	10	left	left	1	21	15.407	1363
4	17	560.9608390168737	4	40	10	right	right	1	13	15.873	819
4	18	410.4892180171962	4	40	10	left	right	0	21	15.825	1327
4	19	1738.8351325147448	4	40	10	right	right	1	19	15.485	1227
4	20	242.05820881932655	4	40	10	right	right	1	21	15.152	1386
4	21	597.1495636271309	4	40	10	left	left	1	33	15.264	2162
4	22	401.9252860422036	4	40	10	right	right	1	14	15.419	908
4	23	1712.9048991923614	4	40	10	right	right	1	13	15.33	848
4	24	552.317575715344	4	40	10	left	right	0	17	15.206	1118
4	25	671.3993205035623	4	40	10	right	right	1	14	15.368	911
4	26	362.05936274310886	4	40	10	left	right	0	32	15.385	2080
4	27	525.1000425934194	4	40	10	left	right	0	17	15.933	1067
4	28	299.1069780819843	4	40	10	left	left	1	46	15.293	3008
4	29	632.8078770305182	4	40	10	right	right	1	19	15.224	1248
4	30	423.65832120529376	4	40	10	right	right	1	55	15.073	3649
4	31	689.8574334056867	4	40	10	left	left	1	19	15.651	1214
4	32	1110.3041454861377	4	40	10	left	right	0	13	15.187	856
4	33	1400.5170994644104	4	40	10	left	right	0	17	15.357	1107
4	34	529.4323035318735	4	40	10	right	right	1	11	15.515	709
4	35	1533.6540613313991	4	40	10	left	right	0	19	15.498	1226
4	36	563.5979061472617	4	40	10	right	right	1	12	16.151	743
4	37	408.67619552790654	4	40	10	right	right	1	44	15.267	2882
4	38	1271.5372204259922	4	40	10	right	right	1	14	15.487	904
4	39	1346.8557742111648	4	40	10	left	left	1	34	15.267	2227
4	40	1256.7338398491981	4	40	10	right	right	1	16	15.671	1021
