
blkNum	trlNum	randomStimulusOnsetTime	coherentDots	numberofDots	percentCoherence	winningDirection	response	correct	eventCount	averageFrameRate	RT
1	1	911.6754679253052	4	40	10	left	left	1	101	15.016	6726
1	2	379.26189415439814	4	40	10	right	right	1	47	14.925	3149
1	3	714.7379006457827	4	40	10	right	right	1	29	15.263	1900
1	4	767.6892451480498	4	40	10	left	left	1	30	14.985	2002
1	5	635.4901876485627	4	40	10	left	left	1	59	15.063	3917
1	6	555.3042175463348	4	40	10	right	right	1	31	15.226	2036
1	7	878.51817802071	4	40	10	left	left	1	22	15.537	1416
1	8	605.5887224909973	4	40	10	left	left	1	19	14.984	1268
1	9	334.34210111502813	4	40	10	left	left	1	64	15.101	4238
1	10	449.5788394549277	4	40	10	left	left	1	20	15.186	1317
1	11	1126.027467915068	4	40	10	right	right	1	59	15.132	3899
1	12	1459.3337526182077	4	40	10	right	right	1	19	15.286	1243
1	13	1273.6573536117312	4	40	10	left	left	1	23	15.53	1481
1	14	951.2116706927609	4	40	10	right	right	1	16	15.282	1047
1	15	1099.9067560250096	4	40	10	left	left	1	25	14.997	1667
1	16	2460.2147266079405	4	40	10	left	left	1	23	14.974	1536
1	17	921.0548644531699	4	40	10	right	right	1	18	15.241	1181
1	18	833.4678019334957	4	40	10	left	left	1	14	15.625	896
1	19	1612.736434212859	4	40	10	right	right	1	18	14.975	1202
1	20	489.77559885544076	4	40	10	left	left	1	18	15.05	1196
1	21	1721.8190130902606	4	40	10	right	right	1	12	16.021	749
1	22	1447.6704467068587	4	40	10	right	right	1	30	14.993	2001
1	23	521.8151033516203	4	40	10	right	right	1	43	14.931	2880
1	24	240.8777849354427	4	40	10	right	right	1	85	14.978	5675
1	25	357.20354711392076	4	40	10	left	left	1	73	15.067	4845
1	26	359.4544695736254	4	40	10	right	right	1	26	15.285	1701
1	27	320.32667378919393	4	40	10	left	left	1	18	15.164	1187
1	28	2005.1165250189918	4	40	10	right	right	1	23	15.072	1526
1	29	232.57799737435445	4	40	10	right	right	1	18	15.126	1190
1	30	245.25293885267934	4	40	10	left	left	1	12	15.544	772
1	31	733.0409862135449	4	40	10	left	left	1	47	15.181	3096
1	32	290.4909470533302	4	40	10	left	left	1	34	14.971	2271
1	33	353.2967959635333	4	40	10	right	right	1	23	15.395	1494
1	34	434.17101652748715	4	40	10	right	right	1	18	15.776	1141
1	35	224.65299158355447	4	40	10	right	right	1	75	14.952	5016
1	36	920.7487187099267	4	40	10	left	left	1	15	15.593	962
1	37	201.38607550714494	4	40	10	left	left	1	37	15.264	2424
1	38	305.49545315785616	4	40	10	left	left	1	101	14.95	6756
1	39	592.7232929665992	4	40	10	right	right	1	25	15.124	1653
1	40	2031.0603433126755	4	40	10	right	right	1	14	15.152	924
2	1	418.24655255183745	4	40	10	right	right	1	18	14.975	1202
2	2	2806.8872270679917	4	40	10	right	right	1	18	15.241	1181
2	3	844.8341740886717	4	40	10	right	right	1	18	15.721	1145
2	4	770.5650019453531	4	40	10	right	right	1	29	15.191	1909
2	5	405.50168655777026	4	40	10	left	left	1	44	14.93	2947
2	6	866.6249629098974	4	40	10	right	right	1	16	15.253	1049
2	7	245.0064210613108	4	40	10	right	right	1	32	15.311	2090
2	8	485.5443300901815	4	40	10	right	right	1	29	15.215	1906
2	9	750.8910513968304	4	40	10	left	left	1	14	14.973	935
2	10	2668.383157085116	4	40	10	left	left	1	12	15.979	751
2	11	324.2969468855372	4	40	10	right	right	1	55	15.164	3627
2	12	600.945984193389	4	40	10	left	left	1	12	15.789	760
2	13	1620.7925886641665	4	40	10	left	left	1	25	15.366	1627
2	14	239.867418607511	4	40	10	right	right	1	33	14.993	2201
2	15	1441.9488438095784	4	40	10	right	right	1	25	15.366	1627
2	16	656.2734769739761	4	40	10	left	left	1	19	15.651	1214
2	17	346.73211729215217	4	40	10	left	left	1	14	15.748	889
2	18	266.70886866646725	4	40	10	left	left	1	11	16.272	676
2	19	430.34327339130795	4	40	10	left	left	1	21	15.262	1376
2	20	918.2706481169744	4	40	10	right	left	0	12	15.248	787
2	21	324.7103473197788	4	40	10	right	right	1	20	15.314	1306
2	22	387.62814877912547	4	40	10	right	left	0	21	15.206	1381
2	23	242.35025715051802	4	40	10	left	right	0	67	15.043	4454
2	24	263.6208375406908	4	40	10	left	left	1	98	15.005	6531
2	25	552.1949005455015	4	40	10	left	right	0	119	15.039	7913
2	26	1019.2736558581845	4	40	10	right	left	0	20	14.948	1338
2	27	1741.2950758814654	4	40	10	right	right	1	33	15.271	2161
2	28	1305.3548723027002	4	40	10	left	left	1	51	15.089	3380
2	29	285.3776836213355	4	40	10	right	right	1	129	15.009	8595
2	30	241.14942934092068	4	40	10	left	left	1	50	15.042	3324
2	31	247.32384857042362	4	40	10	left	left	1	51	15.183	3359
2	32	424.82421426572535	4	40	10	right	right	1	51	15.201	3355
2	33	1868.5476885893004	4	40	10	left	left	1	77	14.917	5162
2	34	511.08895303201575	4	40	10	left	left	1	71	15.001	4733
2	35	304.571130837452	4	40	10	right	right	1	29	15.385	1885
2	36	519.1214508939296	4	40	10	left	left	1	20	14.959	1337
2	37	749.0709459377772	4	40	10	left	right	0	17	15.315	1110
2	38	669.4244628740896	4	40	10	left	left	1	16	15.936	1004
2	39	510.89507526629603	4	40	10	right	right	1	20	15.564	1285
2	40	470.28109979806794	4	40	10	right	right	1	58	15.092	3843
3	1	367.0037075989437	4	40	10	right	right	1	22	15.592	1411
3	2	2014.4789136177135	4	40	10	left	left	1	17	15.469	1099
3	3	2250.4459470454713	4	40	10	left	left	1	21	15.239	1378
3	4	374.9536531204898	4	40	10	left	left	1	164	14.968	10957
3	5	356.80493085024705	4	40	10	left	left	1	30	15.121	1984
3	6	499.3979307700814	4	40	10	left	left	1	22	14.997	1467
3	7	726.5257359767443	4	40	10	right	right	1	16	15.671	1021
3	8	610.8581272241889	4	40	10	left	left	1	13	16.01	812
3	9	1233.4609585002531	4	40	10	left	left	1	18	14.975	1202
3	10	1140.7697056262937	4	40	10	right	right	1	22	15.603	1410
3	11	573.6052994764624	4	40	10	right	left	0	24	15.494	1549
3	12	1940.1876208177891	4	40	10	right	right	1	12	15.038	798
3	13	724.3184077625222	4	40	10	right	right	1	43	15.264	2817
3	14	904.7429870987999	4	40	10	left	left	1	23	15.405	1493
3	15	595.200615024267	4	40	10	left	left	1	27	15.042	1795
3	16	277.75695343779785	4	40	10	left	left	1	64	14.995	4268
3	17	683.8757555149532	4	40	10	right	right	1	43	15.051	2857
3	18	345.3063372515573	4	40	10	left	left	1	16	15.671	1021
3	19	210.2519448113032	4	40	10	right	right	1	9	16.071	560
3	20	649.1733164599045	4	40	10	right	left	0	9	16.071	560
3	21	712.9526990715013	4	40	10	left	left	1	12	16.26	738
3	22	560.160130286929	4	40	10	right	right	1	10	16.447	608
3	23	415.7637303093821	4	40	10	right	right	1	22	15.352	1433
3	24	545.032962491741	4	40	10	left	left	1	14	15.73	890
3	25	991.9797264622483	4	40	10	right	right	1	21	15.251	1377
3	26	658.3908166010608	4	40	10	left	left	1	16	15.748	1016
3	27	1088.9162119583225	4	40	10	left	left	1	29	14.956	1939
3	28	566.6789923521536	4	40	10	left	left	1	14	15.267	917
3	29	640.887759444506	4	40	10	left	left	1	12	16.021	749
3	30	360.0462476701115	4	40	10	left	left	1	14	15.402	909
3	31	573.6091782065914	4	40	10	right	left	0	10	16.026	624
3	32	552.0978438718746	4	40	10	right	right	1	12	16.086	746
3	33	483.91632733669724	4	40	10	right	right	1	16	15.905	1006
3	34	1639.0997469716765	4	40	10	right	right	1	15	15.385	975
3	35	1533.7539485879327	4	40	10	left	left	1	14	15.168	923
3	36	1775.5041379893605	4	40	10	right	right	1	14	15.402	909
3	37	2101.0760532953122	4	40	10	right	right	1	82	15.016	5461
3	38	880.7955046824487	4	40	10	right	right	1	18	15.437	1166
3	39	766.0008570472609	4	40	10	right	right	1	10	15.198	658
3	40	291.3493583924034	4	40	10	left	left	1	13	15.663	830
4	1	794.4802090995814	4	40	10	right	right	1	15	15.773	951
4	2	2136.8096651717233	4	40	10	right	right	1	18	14.963	1203
4	3	861.871378894973	4	40	10	left	left	1	10	16.026	624
4	4	2523.0121097841948	4	40	10	right	right	1	12	15.345	782
4	5	1087.5251931558755	4	40	10	left	right	0	10	16.42	609
4	6	331.59255501374895	4	40	10	left	left	1	22	14.956	1471
4	7	527.50849580347	4	40	10	left	left	1	12	15.038	798
4	8	310.639041865981	4	40	10	right	right	1	13	16.01	812
4	9	857.221483173258	4	40	10	right	right	1	13	15.134	859
4	10	938.2417206684091	4	40	10	left	left	1	15	15.182	988
4	11	1144.7486549440623	4	40	10	right	right	1	22	15.193	1448
4	12	244.26751049289504	4	40	10	right	left	0	52	14.999	3467
4	13	577.5622575218604	4	40	10	right	right	1	25	15.244	1640
4	14	1988.179834963246	4	40	10	right	right	1	31	15.137	2048
4	15	232.57691778774125	4	40	10	right	right	1	61	15.069	4048
4	16	647.8236536650973	4	40	10	right	right	1	50	14.975	3339
4	17	1650.87240916326	4	40	10	right	right	1	10	15.625	640
4	18	3276.4121962331446	4	40	10	left	left	1	18	15.477	1163
4	19	1493.0067959927596	4	40	10	right	right	1	20	15.588	1283
4	20	435.91814886697546	4	40	10	left	left	1	55	15.097	3643
4	21	434.4742170474099	4	40	10	left	left	1	27	15.499	1742
4	22	1424.6802672234571	4	40	10	left	left	1	16	15.385	1040
4	23	523.2717705105	4	40	10	right	left	0	39	15.07	2588
4	24	562.2884281518251	4	40	10	right	right	1	19	15.055	1262
4	25	378.7813208540352	4	40	10	left	left	1	13	14.994	867
4	26	253.14658239576008	4	40	10	left	left	1	45	15.192	2962
4	27	263.97848268765233	4	40	10	right	right	1	149	14.964	9957
4	28	1335.8416042368183	4	40	10	right	right	1	52	15.094	3445
4	29	278.8681847275964	4	40	10	left	left	1	43	15.184	2832
4	30	571.8515475006309	4	40	10	left	right	0	68	15.064	4514
4	31	296.02819054787574	4	40	10	left	left	1	19	15.152	1254
4	32	745.4654891929645	4	40	10	left	left	1	11	16.129	682
4	33	346.2496282806778	4	40	10	left	left	1	9	15.762	571
4	34	327.0720779747968	4	40	10	left	right	0	7	15.873	441
4	35	421.54653100139274	4	40	10	right	right	1	16	15.444	1036
4	36	2138.595236018914	4	40	10	left	left	1	12	15.171	791
4	37	221.92838483296174	4	40	10	right	right	1	13	15.854	820
4	38	2026.2079110381208	4	40	10	right	right	1	20	15.662	1277
4	39	741.2967089800342	4	40	10	left	left	1	11	15.759	698
4	40	1233.2620469046972	4	40	10	left	left	1	14	15.73	890
