
blkNum	trlNum	randomStimulusOnsetTime	coherentDots	numberofDots	percentCoherence	winningDirection	response	correct	eventCount	averageFrameRate	RT
1	1	318.830313301488	4	40	10	right	right	1	170	15.027	11313
1	2	205.97471321551174	4	40	10	left	left	1	46	15.097	3047
1	3	513.1010691873844	4	40	10	left	right	0	84	14.963	5614
1	4	1129.5972543544244	4	40	10	right	right	1	28	15.184	1844
1	5	870.152331649749	4	40	10	right	right	1	29	14.995	1934
1	6	746.1139262897711	4	40	10	left	left	1	38	15.224	2496
1	7	364.8403974881502	4	40	10	right	right	1	49	15.152	3234
1	8	641.0383175452182	4	40	10	right	right	1	35	15.073	2322
1	9	817.044947609199	4	40	10	right	right	1	33	14.959	2206
1	10	852.2755578632245	4	40	10	left	left	1	44	15.141	2906
1	11	1104.1272652905943	4	40	10	left	left	1	79	15.094	5234
1	12	2202.52170965451	4	40	10	right	right	1	38	15.109	2515
1	13	260.6716578598598	4	40	10	left	left	1	47	15.142	3104
1	14	417.97397912507085	4	40	10	right	left	0	35	15.291	2289
1	15	384.674100520474	4	40	10	left	left	1	44	15.22	2891
1	16	337.15875258913445	4	40	10	left	right	0	20	15.444	1295
1	17	781.8057557226429	4	40	10	right	right	1	28	15.102	1854
1	18	1118.9161335132658	4	40	10	right	left	0	39	15.046	2592
1	19	486.73185770034127	4	40	10	left	left	1	31	15.369	2017
1	20	499.206447583974	4	40	10	left	right	0	30	15.244	1968
1	21	708.2139695692882	4	40	10	left	right	0	39	15.252	2557
1	22	1595.2894992461488	4	40	10	left	right	0	24	15.484	1550
1	23	310.6608165727898	4	40	10	right	left	0	47	15.255	3081
1	24	480.77130114993275	4	40	10	right	left	0	55	15.139	3633
1	25	366.3372787121048	4	40	10	left	right	0	19	15.46	1229
1	26	449.0172759190219	4	40	10	left	left	1	19	15.742	1207
1	27	229.93504377216146	4	40	10	right	left	0	53	14.98	3538
1	28	293.12660588176914	4	40	10	right	right	1	49	15.142	3236
1	29	2266.464131419201	4	40	10	right	right	1	53	15.265	3472
1	30	662.9367144343007	4	40	10	left	right	0	32	15.195	2106
1	31	297.1930835412996	4	40	10	right	right	1	26	15.187	1712
1	32	2461.786692690666	4	40	10	left	left	1	34	15.371	2212
1	33	303.755256749179	4	40	10	left	left	1	32	15.094	2120
1	34	429.2940884236401	4	40	10	right	left	0	58	14.987	3870
1	35	508.5697701160586	4	40	10	right	right	1	45	15.035	2993
1	36	1889.6523987883586	4	40	10	right	left	0	34	15.098	2252
1	37	973.3966646470722	4	40	10	left	left	1	43	15.297	2811
1	38	1172.3242009205178	4	40	10	left	left	1	66	15.131	4362
1	39	521.1092822216397	4	40	10	left	right	0	47	15.117	3109
1	40	903.7176729713108	4	40	10	right	right	1	26	15.125	1719
2	1	1989.9040933493816	4	40	10	left	right	0	43	15.248	2820
2	2	976.864174610942	4	40	10	right	right	1	19	14.984	1268
2	3	431.06474653645813	4	40	10	left	left	1	30	15.091	1988
2	4	902.9733482171755	4	40	10	right	left	0	28	15.226	1839
2	5	486.53447411419086	4	40	10	right	right	1	61	15.069	4048
2	6	493.69074699076333	4	40	10	left	left	1	33	15.342	2151
2	7	228.90904394369517	4	40	10	left	left	1	26	15.012	1732
2	8	731.1957345321842	4	40	10	left	left	1	28	15.16	1847
2	9	1507.1282506712635	4	40	10	right	right	1	55	15.244	3608
2	10	1672.0198622388993	4	40	10	left	left	1	44	15.131	2908
2	11	612.8574856450472	4	40	10	right	left	0	31	15.385	2015
2	12	909.8279788230743	4	40	10	right	right	1	33	15.349	2150
2	13	696.91927569926	4	40	10	left	right	0	45	15.01	2998
2	14	1632.6903680188675	4	40	10	left	right	0	25	15.006	1666
2	15	450.05629055219526	4	40	10	right	left	0	53	15.212	3484
2	16	266.0366672608652	4	40	10	left	left	1	51	15.044	3390
2	17	557.913487381957	4	40	10	right	left	0	25	15.161	1649
2	18	397.7997637827132	4	40	10	left	left	1	76	15.014	5062
2	19	353.1067280063628	4	40	10	left	left	1	47	15.002	3133
2	20	1642.2302055113	4	40	10	left	left	1	41	15.135	2709
2	21	904.4006042214094	4	40	10	left	right	0	47	15.069	3119
2	22	444.9462284716203	4	40	10	left	right	0	54	15.19	3555
2	23	839.3322219958058	4	40	10	right	left	0	39	15.029	2595
2	24	1443.0442049032183	4	40	10	left	right	0	42	15.113	2779
2	25	789.8107125299201	4	40	10	right	right	1	35	15.178	2306
2	26	457.46187282056616	4	40	10	right	right	1	42	15.075	2786
2	27	533.0168502785266	4	40	10	right	right	1	47	15.22	3088
2	28	1186.4101415581815	4	40	10	right	left	0	51	15.192	3357
2	29	301.51832192311485	4	40	10	right	right	1	51	15.238	3347
2	30	2006.8497704635763	4	40	10	right	left	0	37	14.968	2472
2	31	733.4169121595802	4	40	10	right	right	1	72	15.148	4753
2	32	792.4790473841448	4	40	10	left	left	1	68	15.179	4480
2	33	528.3481182356401	4	40	10	left	left	1	42	15	2800
2	34	1109.1023462298103	4	40	10	left	left	1	59	15.086	3911
2	35	276.83944010644694	4	40	10	right	right	1	56	15.172	3691
2	36	1199.2152681424295	4	40	10	right	right	1	57	15.147	3763
2	37	384.0864291132838	4	40	10	right	right	1	33	15.186	2173
2	38	953.3654459256417	4	40	10	left	left	1	22	15.352	1433
2	39	910.6614742668411	4	40	10	right	right	1	34	15.004	2266
2	40	239.19335153441335	4	40	10	left	left	1	31	15.196	2040
3	1	2332.0859068185105	4	40	10	right	right	1	25	15.124	1653
3	2	1097.3944855381915	4	40	10	right	right	1	49	15.222	3219
3	3	812.2862226338614	4	40	10	left	right	0	30	15.4	1948
3	4	776.9528459534175	4	40	10	right	right	1	30	15.236	1969
3	5	693.8360372483382	4	40	10	left	left	1	17	15.413	1103
3	6	351.20274256553785	4	40	10	right	right	1	19	15.139	1255
3	7	1675.3163554773178	4	40	10	right	right	1	30	15.152	1980
3	8	891.4836428241002	4	40	10	right	right	1	33	15.103	2185
3	9	1394.1109762322126	4	40	10	left	right	0	47	15.147	3103
3	10	626.3214059862121	4	40	10	left	left	1	38	14.972	2538
3	11	417.4201850709106	4	40	10	right	right	1	46	15.043	3058
3	12	431.5275541387496	4	40	10	left	left	1	30	15.106	1986
3	13	504.5656285569095	4	40	10	right	right	1	35	15.311	2286
3	14	536.6443004258473	4	40	10	right	left	0	34	15.219	2234
3	15	699.6323285912777	4	40	10	left	left	1	20	15.152	1320
3	16	565.7282234838531	4	40	10	left	left	1	22	14.885	1478
3	17	517.142335906236	4	40	10	right	left	0	56	15.005	3732
3	18	460.02228502308884	4	40	10	right	right	1	44	15.094	2915
3	19	920.0046290430905	4	40	10	right	right	1	56	15.201	3684
3	20	460.00696590961263	4	40	10	left	left	1	23	15.262	1507
3	21	944.2187733204336	4	40	10	left	left	1	23	14.925	1541
3	22	271.37852515688974	4	40	10	left	left	1	35	15.125	2314
3	23	597.4471843063457	4	40	10	left	left	1	20	15.432	1296
3	24	1319.229475106804	4	40	10	left	left	1	24	15.474	1551
3	25	1160.1802658640152	4	40	10	left	left	1	17	15.426	1102
3	26	1815.9393283525103	4	40	10	left	left	1	25	15.188	1646
3	27	423.4982550705936	4	40	10	left	left	1	36	15.254	2360
3	28	360.12631963705815	4	40	10	right	right	1	40	15.314	2612
3	29	1618.014774854799	4	40	10	right	right	1	25	15.291	1635
3	30	597.0534005002028	4	40	10	right	right	1	24	15.228	1576
3	31	1300.3769213554726	4	40	10	left	left	1	85	15.055	5646
3	32	332.75841048094753	4	40	10	left	left	1	27	15.126	1785
3	33	395.12910509070156	4	40	10	left	left	1	119	15.082	7890
3	34	1321.305301065263	4	40	10	right	left	0	21	15.43	1361
3	35	1885.5026535056754	4	40	10	right	right	1	32	15.318	2089
3	36	404.01021227150466	4	40	10	right	right	1	26	15.476	1680
3	37	2592.2286698690086	4	40	10	left	left	1	29	15.393	1884
3	38	590.9873647341985	4	40	10	right	right	1	31	15.271	2030
3	39	336.86489512085313	4	40	10	right	left	0	40	15.094	2650
3	40	893.0260743379965	4	40	10	left	left	1	19	15.286	1243
4	1	1202.1172179927528	4	40	10	right	right	1	22	15.647	1406
4	2	1169.3913237893726	4	40	10	left	left	1	19	15.224	1248
4	3	447.4510787490012	4	40	10	left	left	1	19	15.02	1265
4	4	1426.4940359722286	4	40	10	right	left	0	49	15.045	3257
4	5	1998.8482136035996	4	40	10	left	right	0	34	15.206	2236
4	6	2038.991563212321	4	40	10	right	right	1	33	15.342	2151
4	7	1473.737895609321	4	40	10	left	left	1	30	15.113	1985
4	8	929.5021128809373	4	40	10	left	left	1	29	15.36	1888
4	9	343.50988149403065	4	40	10	right	left	0	25	15.442	1619
4	10	304.3206950686958	4	40	10	left	right	0	45	15.203	2960
4	11	400.08337548156794	4	40	10	left	right	0	65	15.046	4320
4	12	758.415989103189	4	40	10	right	right	1	67	15.169	4417
4	13	708.3994477970787	4	40	10	right	right	1	23	15.052	1528
4	14	811.026472142352	4	40	10	right	right	1	48	15.204	3157
4	15	483.17787029017296	4	40	10	right	right	1	34	15.185	2239
4	16	679.9772313044491	4	40	10	left	right	0	39	15.181	2569
4	17	455.95108046420944	4	40	10	left	left	1	77	15.143	5085
4	18	537.9824934620319	4	40	10	right	left	0	103	15.015	6860
4	19	293.34948666771925	4	40	10	right	right	1	46	15.252	3016
4	20	233.3389388662	4	40	10	left	left	1	83	15.113	5492
4	21	273.89771933507376	4	40	10	right	left	0	30	15.432	1944
4	22	1761.094517532019	4	40	10	right	right	1	46	15.252	3016
4	23	625.4492246047378	4	40	10	left	right	0	21	15.217	1380
4	24	1675.2628429231447	4	40	10	right	right	1	20	15.314	1306
4	25	398.0722577457491	4	40	10	right	right	1	25	15.432	1620
4	26	303.27615145828395	4	40	10	left	left	1	21	15.119	1389
4	27	489.1544159119033	4	40	10	right	right	1	23	15.323	1501
4	28	1689.458379446461	4	40	10	left	left	1	22	15.214	1446
4	29	342.7671641698022	4	40	10	right	right	1	37	15.258	2425
4	30	416.0048189687451	4	40	10	left	left	1	33	15.235	2166
4	31	370.98857229321595	4	40	10	left	right	0	70	15.138	4624
4	32	1000.5562780743101	4	40	10	right	right	1	27	15.067	1792
4	33	1132.825351368283	4	40	10	left	left	1	19	15.728	1208
4	34	208.1986689666698	4	40	10	right	right	1	23	15.252	1508
4	35	1840.781798579135	4	40	10	left	left	1	13	15.513	838
4	36	766.3546231060134	4	40	10	right	right	1	18	15.126	1190
4	37	246.8073457403624	4	40	10	left	left	1	17	15.044	1130
4	38	377.10777883159204	4	40	10	left	right	0	25	15.198	1645
4	39	531.1496534944812	4	40	10	left	left	1	19	15.31	1241
4	40	991.6208204639752	4	40	10	right	right	1	73	14.999	4867
