
blkNum	trlNum	randomStimulusOnsetTime	coherentDots	numberofDots	percentCoherence	winningDirection	response	correct	eventCount	averageFrameRate	RT
1	1	361.35012906862676	4	40	10	left	left	1	37	15.359	2409
1	2	589.9178701939413	4	40	10	left	right	0	17	16.068	1058
1	3	1180.8342035756682	4	40	10	left	left	1	20	15.291	1308
1	4	474.69414213472	4	40	10	left	left	1	21	14.82	1417
1	5	277.2449143289972	4	40	10	left	left	1	13	15.205	855
1	6	1751.5642386671166	4	40	10	right	left	0	10	15.873	630
1	7	440.924290380902	4	40	10	right	right	1	6	16.997	353
1	8	268.008972340199	4	40	10	left	left	1	14	15.317	914
1	9	230.49132968853885	4	40	10	right	right	1	19	15.298	1242
1	10	524.5221794392854	4	40	10	left	left	1	8	17.058	469
1	11	452.4035030020583	4	40	10	right	right	1	7	16.355	428
1	12	616.0601656140201	4	40	10	right	right	1	8	16.949	472
1	13	306.0240595607015	4	40	10	right	left	0	6	16.393	366
1	14	422.53805547486485	4	40	10	left	left	1	1	20.833	48
1	15	634.4391777330297	4	40	10	left	right	0	12	15.524	773
1	16	368.9301621042597	4	40	10	left	left	1	6	15.957	376
1	17	1602.0291464927463	4	40	10	left	left	1	8	16.194	494
1	18	560.1652119830792	4	40	10	left	right	0	5	15.674	319
1	19	233.37033900861684	4	40	10	left	left	1	13	15.644	831
1	20	521.2104355704723	4	40	10	right	right	1	19	15.152	1254
1	21	1490.04238857651	4	40	10	right	left	0	5	17.606	284
1	22	1411.2541753913395	4	40	10	left	right	0	5	18.116	276
1	23	1190.2347815328349	4	40	10	right	right	1	5	15.625	320
1	24	994.0520155169614	4	40	10	right	right	1	6	16.438	365
1	25	1440.8763954102712	4	40	10	right	left	0	4	19.417	206
1	26	1242.6612545324413	4	40	10	left	left	1	9	16.605	542
1	27	951.4670731395335	4	40	10	right	right	1	29	15.303	1895
1	28	2019.0607164867229	4	40	10	right	left	0	9	15.306	588
1	29	213.7159953377071	4	40	10	right	left	0	24	15.625	1536
1	30	1272.0387645521973	4	40	10	right	right	1	14	15.891	881
1	31	1846.1151737499797	4	40	10	right	left	0	8	16.913	473
1	32	1864.655653793689	4	40	10	right	right	1	6	17.91	335
1	33	568.1208448985435	4	40	10	right	left	0	9	15.411	584
1	34	303.21204226902296	4	40	10	left	left	1	13	15.495	839
1	35	1245.2664089341538	4	40	10	right	right	1	8	15.564	514
1	36	530.8609336821071	4	40	10	left	right	0	8	16.293	491
1	37	622.5147808474162	4	40	10	left	left	1	19	15.702	1210
1	38	633.5197253341189	4	40	10	right	left	0	43	15.324	2806
1	39	336.9275313234043	4	40	10	left	right	0	21	15.754	1333
1	40	1397.6392726987183	4	40	10	left	left	1	7	15.521	451
2	1	291.8551734746411	4	40	10	right	right	1	19	15.807	1202
2	2	246.38233983228977	4	40	10	left	left	1	11	15.131	727
2	3	1007.3803060648542	4	40	10	right	left	0	6	16.997	353
2	4	393.10847050763005	4	40	10	right	left	0	15	16.216	925
2	5	627.9863948202578	4	40	10	left	left	1	27	15.707	1719
2	6	1301.9658413981817	4	40	10	right	right	1	14	16.26	861
2	7	1145.5924669279564	4	40	10	left	right	0	13	15.495	839
2	8	351.2653088857091	4	40	10	left	right	0	21	15.707	1337
2	9	1308.5528980001793	4	40	10	left	right	0	14	15.66	894
2	10	1224.5797020100667	4	40	10	right	right	1	7	15.66	447
2	11	1788.1902730567153	4	40	10	left	left	1	5	15.48	323
2	12	913.6993672097591	4	40	10	right	left	0	11	16.393	671
2	13	516.259976958014	4	40	10	left	right	0	24	15.738	1525
2	14	650.8219278767644	4	40	10	right	right	1	20	15.444	1295
2	15	761.0926834179724	4	40	10	left	left	1	20	15.736	1271
2	16	2133.508436302709	4	40	10	right	right	1	7	15.251	459
2	17	2955.116152393963	4	40	10	right	right	1	15	15.528	966
2	18	295.43739784505226	4	40	10	left	left	1	24	15.697	1529
2	19	397.9710424389748	4	40	10	right	left	0	15	15.306	980
2	20	1135.0240620734062	4	40	10	right	right	1	14	15.201	921
2	21	462.7236198858775	4	40	10	left	right	0	23	15.436	1490
2	22	253.4815502072724	4	40	10	left	right	0	24	15.355	1563
2	23	1540.4444895569143	4	40	10	right	right	1	5	15.48	323
2	24	2231.5980684116416	4	40	10	left	right	0	5	16.026	312
2	25	1705.1507224790876	4	40	10	left	left	1	16	15.166	1055
2	26	1182.1499368453153	4	40	10	left	right	0	23	15.786	1457
2	27	954.9277112050356	4	40	10	right	right	1	14	15.642	895
2	28	1092.3945670018163	4	40	10	right	left	0	10	15.748	635
2	29	399.12026213648653	4	40	10	left	right	0	1	23.81	42
2	30	885.7381577264224	4	40	10	right	left	0	6	16.949	354
2	31	202.7995794395709	4	40	10	right	right	1	6	15.748	381
2	32	1378.0098695687664	4	40	10	left	left	1	7	15.73	445
2	33	318.9988824912591	4	40	10	left	right	0	7	16.129	434
2	34	280.2682425448059	4	40	10	left	right	0	6	17.094	351
2	35	1299.0410045260662	4	40	10	right	left	0	6	16.807	357
2	36	2542.7055580942747	4	40	10	right	left	0	7	16.509	424
2	37	660.1017018393361	4	40	10	right	right	1	13	15.222	854
2	38	897.0918634382048	4	40	10	right	right	1	7	15.66	447
2	39	320.2294880842459	4	40	10	left	right	0	19	15.833	1200
2	40	331.973868715333	4	40	10	left	right	0	7	17.588	398
3	1	1320.6898650034193	4	40	10	right	left	0	5	17.422	287
3	2	1742.052997000635	4	40	10	right	right	1	5	15.198	329
3	3	334.79018200030464	4	40	10	left	right	0	15	15.337	978
3	4	408.33577690987863	4	40	10	left	left	1	23	15.625	1472
3	5	313.3028819611329	4	40	10	left	right	0	36	15.267	2358
3	6	307.7830091965606	4	40	10	right	right	1	13	15.513	838
3	7	1786.982793947995	4	40	10	left	left	1	5	16.129	310
3	8	645.3505892003445	4	40	10	right	right	1	38	15.158	2507
3	9	988.1068058554156	4	40	10	left	right	0	35	15.59	2245
3	10	2535.815101735745	4	40	10	right	left	0	13	15.588	834
3	11	539.9598174311557	4	40	10	left	right	0	16	15.459	1035
3	12	269.88459412998105	4	40	10	right	left	0	21	15.162	1385
3	13	334.70073460138457	4	40	10	left	left	1	88	15.212	5785
3	14	469.7097906898346	4	40	10	left	right	0	57	15.376	3707
3	15	517.301306621008	4	40	10	right	right	1	6	16.129	372
3	16	789.0857308416862	4	40	10	left	right	0	16	15.224	1051
3	17	396.87138045190886	4	40	10	right	left	0	3	21.429	140
3	18	812.4784930152283	4	40	10	left	left	1	5	15.823	316
3	19	381.17740681714145	4	40	10	right	right	1	13	16.169	804
3	20	997.0551822965527	4	40	10	left	left	1	6	17.341	346
3	21	465.96602475228065	4	40	10	right	right	1	7	16.241	431
3	22	1391.4608521727798	4	40	10	right	left	0	6	16.216	370
3	23	484.2779344449433	4	40	10	left	left	1	11	15.942	690
3	24	356.5422888683611	4	40	10	left	left	1	20	15.662	1277
3	25	1946.6722906044147	4	40	10	right	left	0	6	16.854	356
3	26	239.883280736338	4	40	10	right	left	0	19	15.323	1240
3	27	2024.8814638917593	4	40	10	right	right	1	5	17.361	288
3	28	1710.4224658923154	4	40	10	right	left	0	6	16.173	371
3	29	567.3488455514068	4	40	10	right	left	0	24	15.142	1585
3	30	224.73735026501294	4	40	10	right	right	1	19	15.536	1223
3	31	358.57337183878474	4	40	10	left	right	0	34	15.226	2233
3	32	2128.34373806487	4	40	10	left	right	0	12	15.81	759
3	33	355.6946510350283	4	40	10	left	left	1	18	15.358	1172
3	34	1260.8032757587816	4	40	10	right	right	1	11	15.896	692
3	35	1630.485398462756	4	40	10	right	right	1	17	15.843	1073
3	36	312.5163767367641	4	40	10	left	left	1	20	15.936	1255
3	37	1174.3129648066779	4	40	10	left	right	0	23	15.668	1468
3	38	1618.832644251756	4	40	10	left	left	1	12	15.544	772
3	39	543.9625454126558	4	40	10	right	right	1	18	15.203	1184
3	40	313.00688890877063	4	40	10	left	left	1	25	15.413	1622
4	1	851.9330503383272	4	40	10	right	right	1	25	15.3	1634
4	2	490.1579477578085	4	40	10	left	left	1	11	16.591	663
4	3	261.7573964435593	4	40	10	right	right	1	15	15.991	938
4	4	933.1798663090043	4	40	10	left	right	0	7	15.217	460
4	5	835.2867477209002	4	40	10	right	left	0	10	16.313	613
4	6	297.6496921986039	4	40	10	left	right	0	1	20.408	49
4	7	1193.4902313851999	4	40	10	left	right	0	5	16.611	301
4	8	328.36792516659443	4	40	10	right	right	1	12	16	750
4	9	2210.2994506942878	4	40	10	left	right	0	7	16.949	413
4	10	1127.0296028378991	4	40	10	right	left	0	5	17.301	289
4	11	205.4661396062575	4	40	10	right	right	1	18	15.915	1131
4	12	538.0680510387906	4	40	10	right	right	1	40	15.221	2628
4	13	393.0844639949445	4	40	10	left	right	0	28	15.695	1784
4	14	1168.3497362055189	4	40	10	left	right	0	19	15.31	1241
4	15	536.6030741798462	4	40	10	right	right	1	8	15.625	512
4	16	836.1094482379291	4	40	10	left	left	1	26	15.663	1660
4	17	254.40825065968917	4	40	10	right	right	1	57	15.347	3714
4	18	2049.139717626126	4	40	10	left	right	0	17	15.413	1103
4	19	681.8516898318779	4	40	10	right	right	1	42	15.267	2751
4	20	1117.4160945656076	4	40	10	left	right	0	31	15.354	2019
4	21	1610.2564856671968	4	40	10	right	right	1	8	15.238	525
4	22	894.6361219857121	4	40	10	right	right	1	70	15.178	4612
4	23	1595.1225057879988	4	40	10	right	right	1	27	15.315	1763
4	24	629.8906889106213	4	40	10	left	left	1	55	15.244	3608
4	25	870.5544550390402	4	40	10	left	left	1	40	15.279	2618
4	26	2129.8742221745133	4	40	10	right	left	0	35	15.304	2287
4	27	374.1773048877533	4	40	10	right	left	0	22	15.603	1410
4	28	860.5986554399685	4	40	10	left	left	1	13	15.99	813
4	29	504.47434826106064	4	40	10	left	right	0	45	15.172	2966
4	30	342.11569559964414	4	40	10	right	right	1	60	15.298	3922
4	31	2694.0328150905234	4	40	10	left	left	1	15	15.723	954
4	32	875.1629113138428	4	40	10	left	left	1	45	15.343	2933
4	33	3568.6035131136646	4	40	10	left	left	1	43	15.178	2833
4	34	4207.996352468932	4	40	10	right	left	0	9	15.625	576
4	35	1306.1160679342288	4	40	10	right	right	1	12	15.365	781
4	36	799.3849391734225	4	40	10	right	left	0	24	15.454	1553
4	37	770.8717044169875	4	40	10	right	left	0	30	15.464	1940
4	38	274.5593583924341	4	40	10	left	right	0	25	15.733	1589
4	39	602.479582498781	4	40	10	left	left	1	20	15.873	1260
4	40	535.6377986093312	4	40	10	left	right	0	15	15.228	985
