
blkNum	trlNum	randomStimulusOnsetTime	coherentDots	numberofDots	percentCoherence	winningDirection	response	correct	eventCount	averageFrameRate	RT
1	1	464.54831311346305	4	40	10	right	right	1	296	15.183	19495
1	2	203.30208227635904	4	40	10	right	left	0	43	15.379	2796
1	3	3123.903964482621	4	40	10	left	left	1	95	15.215	6244
1	4	292.6077416398481	4	40	10	left	left	1	30	15.617	1921
1	5	1744.1130072574326	4	40	10	right	left	0	113	15.219	7425
1	6	1980.172318237749	4	40	10	right	left	0	65	15.148	4291
1	7	375.8296789155778	4	40	10	left	left	1	127	15.188	8362
1	8	746.6586424739802	4	40	10	right	left	0	132	15.158	8708
1	9	316.66900744890086	4	40	10	left	left	1	128	15.198	8422
1	10	408.0064899542631	4	40	10	left	left	1	315	15.198	20727
1	11	1069.6268654560213	4	40	10	left	right	0	129	15.223	8474
1	12	341.4941548000787	4	40	10	left	left	1	180	15.194	11847
1	13	235.91172034142474	4	40	10	right	right	1	50	15.161	3298
1	14	252.9507241971289	4	40	10	right	left	0	26	15.43	1685
1	15	1426.4782701522013	4	40	10	right	left	0	101	15.19	6649
1	16	215.8193834932035	4	40	10	right	right	1	172	15.177	11333
1	17	1297.1510828688658	4	40	10	right	left	0	173	15.19	11389
1	18	584.1819604385137	4	40	10	right	left	0	67	15.227	4400
1	19	1637.2926277680472	4	40	10	right	right	1	78	15.312	5094
1	20	2210.1413070077915	4	40	10	right	left	0	44	15.342	2868
1	21	1139.147688438991	4	40	10	left	left	1	36	15.345	2346
1	22	555.8704216853685	4	40	10	left	left	1	29	15.591	1860
1	23	1580.4564554348747	4	40	10	right	left	0	67	15.252	4393
1	24	1247.9880553798203	4	40	10	right	left	0	159	15.237	10435
1	25	914.2205680661962	4	40	10	right	right	1	21	15.217	1380
1	26	828.4215560575261	4	40	10	left	left	1	74	15.239	4856
1	27	610.1180419888994	4	40	10	right	right	1	83	15.319	5418
1	28	1285.4650873545256	4	40	10	left	left	1	45	15.322	2937
1	29	680.2230149702561	4	40	10	right	right	1	57	15.302	3725
1	30	544.6095114158481	4	40	10	left	left	1	99	15.175	6524
1	31	1301.5264990917235	4	40	10	left	left	1	72	15.206	4735
1	32	1895.4421351651074	4	40	10	left	left	1	95	15.293	6212
1	33	1637.9310673269272	4	40	10	right	left	0	158	15.152	10428
1	34	750.0173967535401	4	40	10	left	right	0	124	15.204	8156
1	35	910.0467025654721	4	40	10	left	left	1	149	15.215	9793
1	36	208.2208232354021	4	40	10	left	left	1	54	15.293	3531
1	37	296.37919515844794	4	40	10	left	left	1	28	15.616	1793
1	38	642.966450184411	4	40	10	right	left	0	17	15.206	1118
1	39	625.4106975899692	4	40	10	left	left	1	46	15.227	3021
1	40	367.8570275620555	4	40	10	left	left	1	13	15.495	839
2	1	958.7979626099944	4	40	10	right	right	1	128	15.186	8429
2	2	937.08809651908	4	40	10	left	left	1	98	15.267	6419
2	3	467.1054728825817	4	40	10	right	left	0	69	15.172	4548
2	4	286.68879440961547	4	40	10	right	left	0	81	15.163	5342
2	5	635.6085790023926	4	40	10	left	right	0	61	15.284	3991
2	6	2315.349426684392	4	40	10	left	left	1	22	15.692	1402
2	7	696.3061719003604	4	40	10	left	left	1	16	15.152	1056
2	8	1935.6048174585303	4	40	10	left	left	1	28	15.402	1818
2	9	760.146151815034	4	40	10	right	left	0	31	15.578	1990
2	10	246.36139503829256	4	40	10	right	left	0	31	15.362	2018
2	11	262.75260000057915	4	40	10	right	left	0	35	15.528	2254
2	12	245.5816272196426	4	40	10	left	left	1	30	15.488	1937
2	13	679.778686804985	4	40	10	right	right	1	15	15.136	991
2	14	202.32989283166364	4	40	10	left	right	0	24	15.267	1572
2	15	2562.1840132200705	4	40	10	right	right	1	121	15.174	7974
2	16	341.8504526695531	4	40	10	right	right	1	57	15.389	3704
2	17	315.9540670160418	4	40	10	left	left	1	21	15.51	1354
2	18	464.29427519841323	4	40	10	right	right	1	52	15.294	3400
2	19	2465.288639587204	4	40	10	left	left	1	21	15.51	1354
2	20	1070.394703986989	4	40	10	left	left	1	30	15.48	1938
2	21	1684.794311345943	4	40	10	right	right	1	20	15.748	1270
2	22	413.11880467776456	4	40	10	right	right	1	67	15.321	4373
2	23	1207.3009061870916	4	40	10	right	left	0	104	15.231	6828
2	24	470.78637064082125	4	40	10	right	right	1	31	15.226	2036
2	25	334.56503606292017	4	40	10	left	left	1	94	15.24	6168
2	26	295.1753727140161	4	40	10	left	left	1	99	15.285	6477
2	27	3696.55997422436	4	40	10	left	left	1	20	15.748	1270
2	28	894.4764174774814	4	40	10	right	left	0	47	15.156	3101
2	29	265.91005681686465	4	40	10	left	left	1	52	15.249	3410
2	30	1391.5570130939927	4	40	10	left	right	0	80	15.267	5240
2	31	357.057807690691	4	40	10	left	left	1	77	15.339	5020
2	32	804.2279101570117	4	40	10	right	left	0	74	15.183	4874
2	33	364.03056838827104	4	40	10	left	left	1	25	15.216	1643
2	34	395.45683724601724	4	40	10	right	right	1	17	15.785	1077
2	35	355.944738430146	4	40	10	left	right	0	51	15.352	3322
2	36	284.1420879389846	4	40	10	right	left	0	23	15.646	1470
2	37	760.3377382811628	4	40	10	right	left	0	33	15.313	2155
2	38	230.47659397012725	4	40	10	left	left	1	27	15.446	1748
2	39	554.8937495729292	4	40	10	right	right	1	61	15.281	3992
2	40	425.08615991618404	4	40	10	left	right	0	53	15.204	3486
3	1	628.1941826410714	4	40	10	left	left	1	16	15.61	1025
3	2	275.16088293403834	4	40	10	left	left	1	82	15.239	5381
3	3	476.385160978247	4	40	10	left	left	1	14	15.301	915
3	4	488.0792368228112	4	40	10	right	left	0	14	15.385	910
3	5	1535.8728788132173	4	40	10	right	right	1	19	15.599	1218
3	6	257.88781962670737	4	40	10	left	left	1	120	15.153	7919
3	7	782.0400791593948	4	40	10	right	left	0	48	15.262	3145
3	8	482.69363905993106	4	40	10	left	left	1	24	15.18	1581
3	9	280.953350126749	4	40	10	right	left	0	14	15.713	891
3	10	575.3337220394266	4	40	10	left	right	0	16	15.355	1042
3	11	956.1081562382603	4	40	10	right	right	1	19	15.273	1244
3	12	1249.1946519166179	4	40	10	left	left	1	37	15.54	2381
3	13	314.79355737862625	4	40	10	left	left	1	37	15.289	2420
3	14	1109.1827764085103	4	40	10	right	right	1	23	15.232	1510
3	15	543.8439458554101	4	40	10	left	right	0	147	15.208	9666
3	16	3492.3684066575615	4	40	10	left	right	0	39	15.538	2510
3	17	570.8449436050298	4	40	10	right	right	1	20	15.279	1309
3	18	1973.946273557665	4	40	10	right	left	0	26	15.522	1675
3	19	1445.0005146955796	4	40	10	left	left	1	26	15.249	1705
3	20	988.7070618076559	4	40	10	right	left	0	16	15.733	1017
3	21	327.7390368651163	4	40	10	left	left	1	19	15.261	1245
3	22	250.13111299026093	4	40	10	left	right	0	41	15.31	2678
3	23	580.4192120592286	4	40	10	right	left	0	16	15.656	1022
3	24	619.7064961138849	4	40	10	right	left	0	20	15.152	1320
3	25	203.06519595985685	4	40	10	right	left	0	23	15.541	1480
3	26	1776.9754926903745	4	40	10	left	left	1	15	15.291	981
3	27	693.3493242891475	4	40	10	right	right	1	35	15.48	2261
3	28	480.68649813315466	4	40	10	right	left	0	97	15.228	6370
3	29	713.435630921053	4	40	10	left	left	1	11	15.647	703
3	30	1291.684283338127	4	40	10	left	left	1	15	15.182	988
3	31	719.4283010574975	4	40	10	left	left	1	14	15.784	887
3	32	658.5331294080053	4	40	10	right	left	0	11	15.942	690
3	33	1335.9330086179916	4	40	10	right	left	0	31	15.278	2029
3	34	979.6635844519959	4	40	10	right	left	0	17	15.918	1068
3	35	2108.0511524446392	4	40	10	right	left	0	13	15.294	850
3	36	367.3643246312021	4	40	10	left	left	1	32	15.459	2070
3	37	1070.4011902913444	4	40	10	left	left	1	47	15.265	3079
3	38	576.3637766638423	4	40	10	left	left	1	18	15.859	1135
3	39	2448.163077803212	4	40	10	right	left	0	41	15.225	2693
3	40	657.7105526321441	4	40	10	right	left	0	28	15.193	1843
4	1	914.8030931785773	4	40	10	right	right	1	48	15.335	3130
4	2	1278.3678431462272	4	40	10	left	right	0	78	15.306	5096
4	3	1435.1479555276342	4	40	10	right	right	1	55	15.398	3572
4	4	1068.6413779248799	4	40	10	left	left	1	17	16.053	1059
4	5	448.4747910798075	4	40	10	right	right	1	94	15.159	6201
4	6	217.06605821167489	4	40	10	right	right	1	39	15.348	2541
4	7	363.1053595989606	4	40	10	right	right	1	26	15.625	1664
4	8	228.88773828913602	4	40	10	right	right	1	14	15.66	894
4	9	2479.2168551127797	4	40	10	left	right	0	21	15.602	1346
4	10	1125.802688565724	4	40	10	right	left	0	35	15.264	2293
4	11	547.5747106276522	4	40	10	left	left	1	34	15.145	2245
4	12	382.03975597428746	4	40	10	left	left	1	181	15.227	11887
4	13	597.6443219871983	4	40	10	right	right	1	54	15.194	3554
4	14	567.2409541501604	4	40	10	left	right	0	42	15.385	2730
4	15	214.6141184598688	4	40	10	left	right	0	32	15.238	2100
4	16	341.811014390305	4	40	10	left	right	0	47	15.295	3073
4	17	747.6791190955529	4	40	10	right	left	0	70	15.161	4617
4	18	719.85878989788	4	40	10	right	right	1	23	15.53	1481
4	19	502.9350713004003	4	40	10	right	right	1	115	15.206	7563
4	20	425.3475916785091	4	40	10	left	left	1	96	15.287	6280
4	21	290.87096888568226	4	40	10	right	right	1	40	15.355	2605
4	22	771.5447875706918	4	40	10	right	right	1	33	15.406	2142
4	23	1108.3093496296938	4	40	10	left	left	1	52	15.152	3432
4	24	323.0589010058187	4	40	10	left	right	0	64	15.315	4179
4	25	1525.32188538453	4	40	10	left	right	0	78	15.282	5104
4	26	1561.6133645460955	4	40	10	left	right	0	72	15.251	4721
4	27	407.8040112573569	4	40	10	left	left	1	17	15.697	1083
4	28	437.2280640359371	4	40	10	right	right	1	29	15.426	1880
4	29	374.1751286900933	4	40	10	right	left	0	31	15.578	1990
4	30	210.03415123943606	4	40	10	left	right	0	45	15.416	2919
4	31	504.16620960314305	4	40	10	right	left	0	17	15.962	1065
4	32	375.097245831471	4	40	10	left	right	0	44	15.406	2856
4	33	599.7228603448186	4	40	10	right	right	1	60	15.175	3954
4	34	455.56970273870587	4	40	10	right	right	1	47	15.425	3047
4	35	882.3296045624361	4	40	10	right	right	1	19	15.966	1190
4	36	425.5657745905807	4	40	10	left	left	1	13	15.294	850
4	37	1098.9091114478003	4	40	10	left	right	0	18	15.557	1157
4	38	482.89472312949977	4	40	10	right	right	1	50	15.385	3250
4	39	400.3314066792332	4	40	10	left	right	0	20	15.564	1285
4	40	375.806679459478	4	40	10	left	left	1	28	15.309	1829
