
blkNum	trlNum	randomStimulusOnsetTime	coherentDots	numberofDots	percentCoherence	winningDirection	response	correct	eventCount	averageFrameRate	RT
1	1	700.3721194847124	4	40	10	left	left	1	42	15.162	2770
1	2	217.4833135928675	4	40	10	right	right	1	22	15.183	1449
1	3	1938.7321784645924	4	40	10	right	right	1	19	15.651	1214
1	4	512.04450669497	4	40	10	right	left	0	25	15.3	1634
1	5	932.2430057459362	4	40	10	left	left	1	166	15.167	10945
1	6	260.3462331899507	4	40	10	left	left	1	225	15.177	14825
1	7	1854.5914945567908	4	40	10	right	right	1	53	15.313	3461
1	8	843.3504224320061	4	40	10	left	left	1	74	15.195	4870
1	9	200.93789569231487	4	40	10	left	right	0	1203	15.162	79341
1	10	210.49504855222412	4	40	10	right	right	1	77	15.172	5075
1	11	885.153812492405	4	40	10	left	left	1	40	15.18	2635
1	12	626.828613783131	4	40	10	left	left	1	36	15.497	2323
1	13	1423.85630881504	4	40	10	left	left	1	47	15.299	3072
1	14	1087.7345881664405	4	40	10	left	right	0	60	15.291	3924
1	15	483.5050602234455	4	40	10	left	left	1	43	15.401	2792
1	16	377.9731930128731	4	40	10	right	left	0	59	15.301	3856
1	17	487.4434385617362	4	40	10	right	right	1	26	15.394	1689
1	18	1654.3550409564066	4	40	10	left	left	1	44	15.336	2869
1	19	638.7402347958933	4	40	10	left	left	1	48	15.335	3130
1	20	499.7024398926268	4	40	10	right	right	1	38	15.441	2461
1	21	3091.854319640283	4	40	10	left	left	1	42	15.19	2765
1	22	876.9622106253726	4	40	10	left	left	1	16	15.311	1045
1	23	662.8791902775781	4	40	10	right	right	1	11	15.515	709
1	24	1786.591773299194	4	40	10	right	right	1	20	15.528	1288
1	25	291.62843497250384	4	40	10	right	right	1	25	15.404	1623
1	26	1033.551653718746	4	40	10	right	right	1	31	15.196	2040
1	27	513.7290597304562	4	40	10	right	right	1	12	16	750
1	28	1089.0859343069824	4	40	10	left	left	1	9	15.986	563
1	29	269.6825597544175	4	40	10	right	right	1	9	16.854	534
1	30	826.4953189229412	4	40	10	right	right	1	31	15.547	1994
1	31	832.2370059358393	4	40	10	right	right	1	16	15.92	1005
1	32	311.121592142213	4	40	10	right	right	1	16	15.504	1032
1	33	933.9007639073071	4	40	10	right	left	0	29	15.5	1871
1	34	813.4468291161016	4	40	10	left	left	1	76	15.27	4977
1	35	504.8597693625815	4	40	10	left	left	1	23	15.636	1471
1	36	1106.4778638462417	4	40	10	right	right	1	36	15.365	2343
1	37	613.6554334897529	4	40	10	left	left	1	19	15.447	1230
1	38	3237.9904147113484	4	40	10	right	right	1	14	15.368	911
1	39	420.1922447969322	4	40	10	left	left	1	26	15.476	1680
1	40	241.07638094594256	4	40	10	left	left	1	45	15.285	2944
2	1	270.7581216086327	4	40	10	left	left	1	26	15.522	1675
2	2	630.5602493772217	4	40	10	right	right	1	17	15.755	1079
2	3	498.6885802017278	4	40	10	left	left	1	18	15.19	1185
2	4	455.9893803085301	4	40	10	left	left	1	33	15.214	2169
2	5	1465.439355961555	4	40	10	left	right	0	14	15.47	905
2	6	749.71931518634	4	40	10	left	left	1	26	15.285	1701
2	7	467.30702903138985	4	40	10	right	right	1	18	15.789	1140
2	8	971.3312660712551	4	40	10	left	left	1	19	15.41	1233
2	9	219.89049467366206	4	40	10	left	left	1	11	15.919	691
2	10	292.3482550861254	4	40	10	left	left	1	22	15.57	1413
2	11	1103.479973379458	4	40	10	left	left	1	12	15.769	761
2	12	731.0466062776366	4	40	10	left	right	0	13	15.796	823
2	13	282.13773708605015	4	40	10	left	left	1	25	15.576	1605
2	14	1742.962540687768	4	40	10	right	right	1	57	15.36	3711
2	15	613.105765305301	4	40	10	left	left	1	18	15.075	1194
2	16	1748.8804930935237	4	40	10	right	right	1	20	15.924	1256
2	17	303.08000768960665	4	40	10	left	left	1	16	15.936	1004
2	18	341.1011582189743	4	40	10	right	right	1	20	15.748	1270
2	19	271.9495520754045	4	40	10	left	left	1	24	15.287	1570
2	20	759.2555585062081	4	40	10	right	right	1	16	15.414	1038
2	21	1976.342112733302	4	40	10	left	left	1	17	15.697	1083
2	22	843.8587313300881	4	40	10	right	right	1	21	15.625	1344
2	23	749.3842461404323	4	40	10	left	left	1	44	15.299	2876
2	24	221.97466597817663	4	40	10	right	right	1	52	15.417	3373
2	25	858.0530553873758	4	40	10	right	right	1	73	15.193	4805
2	26	285.3030758142968	4	40	10	right	right	1	126	15.177	8302
2	27	1068.787962768709	4	40	10	right	right	1	59	15.257	3867
2	28	883.3449511347649	4	40	10	right	right	1	35	15.549	2251
2	29	2178.9595349979927	4	40	10	right	right	1	58	15.251	3803
2	30	854.0518897377173	4	40	10	right	right	1	63	15.299	4118
2	31	884.4559678209511	4	40	10	left	left	1	26	15.214	1709
2	32	3174.3773225628647	4	40	10	right	right	1	90	15.182	5928
2	33	634.8595335954575	4	40	10	left	left	1	23	15.499	1484
2	34	906.7269551897127	4	40	10	right	right	1	62	15.166	4088
2	35	1919.044714003592	4	40	10	right	right	1	57	15.286	3729
2	36	585.1933412461053	4	40	10	right	right	1	60	15.228	3940
2	37	656.0747564240085	4	40	10	left	left	1	19	15.237	1247
2	38	1759.04249905789	4	40	10	right	right	1	29	15.508	1870
2	39	3335.9073717442348	4	40	10	right	right	1	46	15.277	3011
2	40	679.2956081544854	4	40	10	left	left	1	19	15.2	1250
3	1	832.4266846741153	4	40	10	right	left	0	22	15.862	1387
3	2	904.7342576282855	4	40	10	left	left	1	24	15.645	1534
3	3	890.1086092739432	4	40	10	right	right	1	26	15.385	1690
3	4	379.22556925236506	4	40	10	right	right	1	43	15.237	2822
3	5	2818.8591320018604	4	40	10	left	left	1	17	15.712	1082
3	6	356.036961703721	4	40	10	right	right	1	57	15.356	3712
3	7	445.92607689800275	4	40	10	left	left	1	17	15.233	1116
3	8	1866.921904802732	4	40	10	left	left	1	19	15.212	1249
3	9	2604.1239562397777	4	40	10	left	left	1	21	15.625	1344
3	10	317.1759887935874	4	40	10	left	left	1	21	15.43	1361
3	11	4672.760272032371	4	40	10	right	right	1	15	15.448	971
3	12	598.2975807298874	4	40	10	left	left	1	12	15.957	752
3	13	1100.1480396356205	4	40	10	left	right	0	20	15.244	1312
3	14	362.55443724855513	4	40	10	right	right	1	28	15.504	1806
3	15	673.5695199054783	4	40	10	left	left	1	28	15.276	1833
3	16	339.06508079590435	4	40	10	right	right	1	17	15.511	1096
3	17	210.92695586912484	4	40	10	left	left	1	28	15.616	1793
3	18	435.76600816962787	4	40	10	left	left	1	18	15.228	1182
3	19	526.7052507411024	4	40	10	left	left	1	17	15.755	1079
3	20	499.4920519079892	4	40	10	right	right	1	44	15.225	2890
3	21	457.86612335007027	4	40	10	left	left	1	40	15.32	2611
3	22	2845.8376143750697	4	40	10	left	left	1	21	15.295	1373
3	23	231.13335725389072	4	40	10	right	right	1	14	16.055	872
3	24	2725.6815175546762	4	40	10	left	left	1	23	15.467	1487
3	25	309.2099593636367	4	40	10	left	left	1	13	16.352	795
3	26	1730.4581419447577	4	40	10	right	right	1	24	15.464	1552
3	27	1726.7849931074622	4	40	10	right	right	1	27	15.237	1772
3	28	724.6234903805802	4	40	10	right	right	1	27	15.263	1769
3	29	610.3441656571867	4	40	10	right	right	1	43	15.162	2836
3	30	242.8345158903665	4	40	10	right	right	1	21	15.683	1339
3	31	392.9491328638036	4	40	10	right	right	1	12	15.424	778
3	32	666.3945502730551	4	40	10	right	right	1	21	15.695	1338
3	33	490.72438626081896	4	40	10	right	right	1	24	15.504	1548
3	34	1072.528054450529	4	40	10	right	left	0	36	15.241	2362
3	35	450.07336081693654	4	40	10	left	left	1	30	15.385	1950
3	36	618.3495088040668	4	40	10	left	left	1	16	15.61	1025
3	37	441.7018050505799	4	40	10	left	left	1	17	15.26	1114
3	38	268.20077637550736	4	40	10	left	left	1	21	15.464	1358
3	39	2564.6281512437085	4	40	10	right	right	1	14	15.608	897
3	40	262.50159235270144	4	40	10	right	right	1	12	15.326	783
4	1	1372.2980028501643	4	40	10	right	right	1	11	15.428	713
4	2	254.0918181280374	4	40	10	left	right	0	19	15.447	1230
4	3	412.8556697907889	4	40	10	right	right	1	18	15.789	1140
4	4	1369.7477491667034	4	40	10	left	left	1	21	15.407	1363
4	5	535.514710909056	4	40	10	left	left	1	22	15.737	1398
4	6	492.3541141548549	4	40	10	left	left	1	47	15.225	3087
4	7	269.4213334974563	4	40	10	left	left	1	32	15.496	2065
4	8	807.4664704149797	4	40	10	right	right	1	15	15.609	961
4	9	1234.0330671514646	4	40	10	right	right	1	20	15.256	1311
4	10	869.05133752129	4	40	10	right	right	1	24	15.484	1550
4	11	1028.7963867869348	4	40	10	left	left	1	25	15.291	1635
4	12	286.93277777768617	4	40	10	left	left	1	28	15.276	1833
4	13	234.29359352006568	4	40	10	left	left	1	11	15.965	689
4	14	496.85404521148894	4	40	10	left	left	1	12	15.666	766
4	15	3080.425572476665	4	40	10	left	left	1	21	15.625	1344
4	16	382.94221540105946	4	40	10	right	right	1	15	15.167	989
4	17	576.0180902752534	4	40	10	right	right	1	14	15.168	923
4	18	1279.34514580788	4	40	10	left	left	1	16	15.166	1055
4	19	1017.4125762912131	4	40	10	left	left	1	11	15.428	713
4	20	640.1060117998455	4	40	10	left	right	0	16	15.984	1001
4	21	2372.7940835065115	4	40	10	right	right	1	29	15.207	1907
4	22	2766.6964915935487	4	40	10	left	left	1	21	15.683	1339
4	23	808.7062709874162	4	40	10	right	right	1	10	15.267	655
4	24	547.8188734676667	4	40	10	right	right	1	24	15.248	1574
4	25	534.7725537881972	4	40	10	right	right	1	14	15.538	901
4	26	793.2995660145579	4	40	10	right	right	1	22	15.816	1391
4	27	368.281347910558	4	40	10	right	right	1	17	15.315	1110
4	28	242.0443523805456	4	40	10	left	left	1	22	15.31	1437
4	29	597.402178691535	4	40	10	left	left	1	27	15.607	1730
4	30	212.1658085344448	4	40	10	right	right	1	14	15.267	917
4	31	246.59972590606992	4	40	10	right	right	1	15	15.244	984
4	32	635.2810858812085	4	40	10	right	right	1	11	16.035	686
4	33	305.55173587967863	4	40	10	left	left	1	16	15.857	1009
4	34	393.44078118219755	4	40	10	right	right	1	14	15.334	913
4	35	417.6711175854406	4	40	10	left	left	1	13	15.738	826
4	36	1406.4762606351987	4	40	10	left	left	1	10	16	625
4	37	255.9184965157534	4	40	10	left	left	1	19	15.372	1236
4	38	2068.1125252606007	4	40	10	right	right	1	9	15.358	586
4	39	542.9421180930098	4	40	10	right	right	1	17	15.639	1087
4	40	955.7555066048762	4	40	10	right	right	1	22	15.352	1433
