
blkNum	trlNum	randomStimulusOnsetTime	coherentDots	numberofDots	percentCoherence	winningDirection	response	correct	eventCount	averageFrameRate	RT
1	1	201.26559128242164	4	40	10	left	left	1	23	15.797	1456
1	2	876.9471971324618	4	40	10	right	right	1	11	15.515	709
1	3	293.96605859915314	4	40	10	left	left	1	9	15.652	575
1	4	640.5194163355636	4	40	10	right	right	1	6	16.713	359
1	5	479.14878455461627	4	40	10	right	left	0	7	16.99	412
1	6	1962.2351251609198	4	40	10	right	right	1	15	15.89	944
1	7	1606.379102702792	4	40	10	left	left	1	10	16.077	622
1	8	221.97872022917497	4	40	10	left	left	1	13	15.892	818
1	9	865.7618541721472	4	40	10	left	left	1	11	15.214	723
1	10	292.09585561217335	4	40	10	left	left	1	21	15.813	1328
1	11	549.825192835701	4	40	10	left	left	1	16	15.795	1013
1	12	1653.6970752853626	4	40	10	left	left	1	11	15.692	701
1	13	1172.009131403048	4	40	10	right	right	1	11	15.214	723
1	14	367.1223698386674	4	40	10	right	right	1	11	15.214	723
1	15	461.8503332108558	4	40	10	right	left	0	9	15.28	589
1	16	513.3255843224279	4	40	10	right	right	1	20	15.873	1260
1	17	977.8494778423275	4	40	10	right	right	1	15	15.337	978
1	18	220.95214098722397	4	40	10	left	left	1	16	16.064	996
1	19	1167.3116509051463	4	40	10	right	right	1	12	15.444	777
1	20	704.183983565538	4	40	10	left	left	1	10	16.611	602
1	21	751.4326208231107	4	40	10	left	left	1	13	15.971	814
1	22	1114.026324877321	4	40	10	right	left	0	9	15.411	584
1	23	821.9698040289828	4	40	10	right	right	1	13	15.99	813
1	24	212.9847459358159	4	40	10	right	left	0	12	15.306	784
1	25	627.4548328664921	4	40	10	left	left	1	13	15.458	841
1	26	269.6329361450065	4	40	10	right	right	1	13	15.815	822
1	27	2917.2555527900586	4	40	10	left	left	1	15	16.164	928
1	28	354.3950544774134	4	40	10	left	left	1	14	16.26	861
1	29	1068.0376793691369	4	40	10	left	left	1	10	15.385	650
1	30	406.756216208392	4	40	10	left	left	1	23	15.541	1480
1	31	263.03629083390484	4	40	10	right	right	1	12	15.424	778
1	32	568.8762037913077	4	40	10	left	left	1	24	15.19	1580
1	33	993.5673834337478	4	40	10	right	right	1	18	15.319	1175
1	34	1460.455770111131	4	40	10	left	left	1	26	15.625	1664
1	35	1339.9279114328274	4	40	10	left	left	1	20	15.314	1306
1	36	1842.0625733378458	4	40	10	right	right	1	14	15.251	918
1	37	1625.3401699891115	4	40	10	right	right	1	48	15.36	3125
1	38	1084.2811014689682	4	40	10	right	right	1	14	15.677	893
1	39	233.84307087630035	4	40	10	right	right	1	21	15.195	1382
1	40	301.6707688432702	4	40	10	left	left	1	20	15.924	1256
2	1	527.200898614949	4	40	10	left	left	1	19	15.873	1197
2	2	343.70554114272835	4	40	10	right	right	1	15	15.74	953
2	3	469.884681772298	4	40	10	right	left	0	17	15.799	1076
2	4	726.3834473593703	4	40	10	left	left	1	41	15.276	2684
2	5	420.46604082132035	4	40	10	left	left	1	29	15.508	1870
2	6	434.76519825703184	4	40	10	left	left	1	19	15.664	1213
2	7	219.44337488614065	4	40	10	left	left	1	19	15.397	1234
2	8	590.2073055048162	4	40	10	right	left	0	18	15.152	1188
2	9	1091.7158976218727	4	40	10	right	right	1	16	15.385	1040
2	10	322.88509226257486	4	40	10	left	right	0	24	15.454	1553
2	11	384.68677968706174	4	40	10	right	right	1	22	15.235	1444
2	12	246.21401240361368	4	40	10	right	right	1	22	15.647	1406
2	13	1764.0485992990705	4	40	10	right	right	1	23	15.447	1489
2	14	1122.8174030356445	4	40	10	right	right	1	20	15.198	1316
2	15	834.3212002111381	4	40	10	right	right	1	25	15.281	1636
2	16	2108.351639857595	4	40	10	right	right	1	25	15.328	1631
2	17	501.803851898585	4	40	10	right	right	1	53	15.212	3484
2	18	321.3329356160299	4	40	10	left	left	1	25	15.3	1634
2	19	786.3045448795956	4	40	10	right	right	1	22	15.614	1409
2	20	904.4140654596955	4	40	10	left	left	1	34	15.213	2235
2	21	1238.7051870181922	4	40	10	right	left	0	39	15.488	2518
2	22	1102.5064167191936	4	40	10	left	left	1	20	15.175	1318
2	23	1675.8884917835799	4	40	10	left	right	0	31	15.461	2005
2	24	1145.1666152050852	4	40	10	right	left	0	31	15.301	2026
2	25	716.7014876495964	4	40	10	left	left	1	70	15.291	4578
2	26	635.5475482802964	4	40	10	left	left	1	95	15.227	6239
2	27	257.0781349241126	4	40	10	right	right	1	29	15.344	1890
2	28	369.7889488516928	4	40	10	left	left	1	22	15.759	1396
2	29	1385.4863171098766	4	40	10	right	right	1	25	15.47	1616
2	30	408.4474246426586	4	40	10	left	left	1	21	15.672	1340
2	31	236.73294357908236	4	40	10	left	left	1	22	15.759	1396
2	32	591.3269631781558	4	40	10	left	left	1	31	15.218	2037
2	33	296.87476927895585	4	40	10	left	left	1	22	15.603	1410
2	34	443.04450899417674	4	40	10	right	right	1	15	15.56	964
2	35	560.45856879185	4	40	10	right	right	1	32	15.238	2100
2	36	547.697568529567	4	40	10	left	right	0	50	15.413	3244
2	37	919.9880758285101	4	40	10	left	left	1	20	15.42	1297
2	38	364.9060971975281	4	40	10	right	right	1	15	16.009	937
2	39	952.7765750738606	4	40	10	left	left	1	15	15.576	963
2	40	907.0882311503365	4	40	10	right	right	1	15	15.89	944
3	1	1137.1550660540056	4	40	10	left	left	1	19	15.347	1238
3	2	569.5234885947699	4	40	10	left	left	1	41	15.236	2691
3	3	574.0559220332352	4	40	10	left	left	1	26	15.24	1706
3	4	209.8403297193604	4	40	10	left	left	1	24	15.199	1579
3	5	314.6505770733756	4	40	10	left	left	1	23	15.142	1519
3	6	276.5832643908364	4	40	10	left	right	0	21	15.861	1324
3	7	382.5582736329358	4	40	10	right	right	1	16	15.686	1020
3	8	528.009476052011	4	40	10	right	right	1	25	15.272	1637
3	9	616.7463344084597	4	40	10	right	right	1	15	15.448	971
3	10	533.5681433906841	4	40	10	right	right	1	13	15.55	836
3	11	667.3881742117769	4	40	10	right	right	1	15	15.167	989
3	12	1146.4230144338972	4	40	10	right	right	1	13	16.27	799
3	13	208.1302575878952	4	40	10	left	left	1	12	15.113	794
3	14	246.17766927484033	4	40	10	left	left	1	28	15.669	1787
3	15	355.32670218080926	4	40	10	left	left	1	20	15.373	1301
3	16	1760.5471385679787	4	40	10	right	right	1	10	16.026	624
3	17	390.65291928118336	4	40	10	left	left	1	7	15.317	457
3	18	1580.1206854916238	4	40	10	right	right	1	10	16.779	596
3	19	1579.8719466870566	4	40	10	right	right	1	10	16.474	607
3	20	460.44111504985295	4	40	10	right	right	1	8	15.385	520
3	21	847.9321703250828	4	40	10	right	right	1	13	15.644	831
3	22	1329.2092654635712	4	40	10	right	right	1	10	16.34	612
3	23	2183.7957752105913	4	40	10	right	right	1	10	15.949	627
3	24	2735.2608730941038	4	40	10	left	left	1	14	15.945	878
3	25	310.631811295333	4	40	10	left	left	1	9	15.126	595
3	26	1275.0124819443195	4	40	10	left	left	1	15	15.74	953
3	27	267.9623104717807	4	40	10	left	left	1	10	16.313	613
3	28	2173.6043283871377	4	40	10	left	left	1	11	16.492	667
3	29	890.5940132998292	4	40	10	left	left	1	11	15.299	719
3	30	301.39440709579037	4	40	10	right	right	1	13	16.291	798
3	31	357.8074552570663	4	40	10	left	left	1	9	16.275	553
3	32	370.84946042413367	4	40	10	right	right	1	8	15.936	502
3	33	601.8308334103651	4	40	10	right	right	1	9	15.734	572
3	34	356.9857611627352	4	40	10	left	left	1	10	16.584	603
3	35	629.6122572113541	4	40	10	left	left	1	9	16.698	539
3	36	303.65621323870954	4	40	10	right	right	1	10	16.34	612
3	37	230.14158628147737	4	40	10	right	left	0	8	16.097	497
3	38	761.8499740845328	4	40	10	right	right	1	10	15.674	638
3	39	597.0008813080019	4	40	10	right	left	0	9	15.228	591
3	40	535.2373874830397	4	40	10	left	left	1	11	16.012	687
4	1	341.2268045209682	4	40	10	left	left	1	15	15.609	961
4	2	228.60437694361988	4	40	10	left	left	1	14	15.556	900
4	3	308.8594452808067	4	40	10	right	right	1	10	16.639	601
4	4	1963.8329397638802	4	40	10	right	right	1	24	15.219	1577
4	5	212.8264830219287	4	40	10	left	left	1	14	15.873	882
4	6	419.10231564204247	4	40	10	left	left	1	11	16.248	677
4	7	304.4308478433668	4	40	10	right	right	1	12	15.228	788
4	8	1192.434145622124	4	40	10	left	left	1	10	16.447	608
4	9	1622.9519622000762	4	40	10	left	left	1	11	16.418	670
4	10	3211.19583031427	4	40	10	left	left	1	10	16.077	622
4	11	1387.311272787434	4	40	10	left	left	1	11	15.896	692
4	12	1370.2029876968072	4	40	10	right	right	1	21	15.837	1326
4	13	223.9335873792796	4	40	10	right	right	1	19	15.372	1236
4	14	362.9114741826659	4	40	10	left	left	1	11	15.214	723
4	15	299.0922945089252	4	40	10	right	right	1	9	16.484	546
4	16	681.7353919071614	4	40	10	left	left	1	7	15.945	439
4	17	950.8364578277581	4	40	10	right	right	1	7	17.544	399
4	18	319.73452378602366	4	40	10	right	right	1	9	15.358	586
4	19	561.8379703910241	4	40	10	left	left	1	9	16.514	545
4	20	1686.5870781446295	4	40	10	right	right	1	9	15.254	590
4	21	1335.9788794348046	4	40	10	left	left	1	8	15.326	522
4	22	597.7628271768502	4	40	10	right	right	1	16	15.702	1019
4	23	567.9678195859013	4	40	10	right	right	1	25	15.413	1622
4	24	1960.0715604172199	4	40	10	left	left	1	10	15.267	655
4	25	440.2518386798273	4	40	10	left	left	1	16	15.429	1037
4	26	583.9763351136332	4	40	10	left	left	1	12	15.645	767
4	27	411.20880192670006	4	40	10	right	right	1	14	15.945	878
4	28	404.315016005232	4	40	10	right	right	1	13	15.663	830
4	29	1658.776160252251	4	40	10	right	right	1	14	16.037	873
4	30	498.0293386086191	4	40	10	left	left	1	12	15.209	789
4	31	1987.1466946362511	4	40	10	right	right	1	10	16.051	623
4	32	255.98367269563295	4	40	10	right	right	1	12	15.544	772
4	33	324.55099402715064	4	40	10	left	left	1	12	16.043	748
4	34	650.7487945260059	4	40	10	left	left	1	19	15.781	1204
4	35	1211.6948706578382	4	40	10	right	right	1	12	15.524	773
4	36	586.582673415571	4	40	10	right	right	1	13	15.366	846
4	37	386.21086883192663	4	40	10	right	right	1	12	15.789	760
4	38	760.5911710665733	4	40	10	right	right	1	13	15.854	820
4	39	1166.8595434036706	4	40	10	left	left	1	10	16.026	624
4	40	895.7540476029033	4	40	10	left	left	1	14	16.222	863
