
blkNum	trlNum	randomStimulusOnsetTime	coherentDots	numberofDots	percentCoherence	winningDirection	response	correct	eventCount	averageFrameRate	RT
1	1	380.8976393913788	4	40	10	right	right	1	20	15.873	1260
1	2	825.0494770700057	4	40	10	left	left	1	14	15.66	894
1	3	1251.1544391050088	4	40	10	left	left	1	13	15.276	851
1	4	207.347094927353	4	40	10	left	left	1	12	16.086	746
1	5	960.7133169311459	4	40	10	right	right	1	12	16.349	734
1	6	400.97431613677117	4	40	10	right	right	1	12	15.936	753
1	7	511.20460367090885	4	40	10	right	right	1	11	15.406	714
1	8	847.4646788105772	4	40	10	right	right	1	10	15.873	630
1	9	749.7846055146684	4	40	10	right	right	1	8	15.564	514
1	10	880.4472728247745	4	40	10	left	left	1	8	15.238	525
1	11	2449.7032069869024	4	40	10	right	right	1	12	16.461	729
1	12	766.89524006386	4	40	10	right	right	1	10	15.432	648
1	13	1681.5271787944218	4	40	10	left	left	1	9	15.228	591
1	14	847.6530328525018	4	40	10	left	left	1	8	15.355	521
1	15	1701.5082666969242	4	40	10	left	left	1	10	16.529	605
1	16	521.4906893543348	4	40	10	left	left	1	12	16.484	728
1	17	1436.9188473390095	4	40	10	right	left	0	14	15.927	879
1	18	326.71738130358807	4	40	10	right	right	1	10	16.207	617
1	19	783.890394714829	4	40	10	right	right	1	10	15.576	642
1	20	232.3705094253719	4	40	10	right	right	1	12	16.393	732
1	21	2232.0176286673204	4	40	10	right	right	1	11	15.85	694
1	22	1549.4724795355298	4	40	10	left	left	1	9	15.707	573
1	23	1906.8231250440472	4	40	10	left	left	1	16	15.61	1025
1	24	307.6656001653624	4	40	10	right	right	1	9	16.216	555
1	25	611.1512770355653	4	40	10	left	left	1	9	15.652	575
1	26	300.20589880283353	4	40	10	left	left	1	12	16.086	746
1	27	506.203746700575	4	40	10	right	right	1	9	15.571	578
1	28	352.45658535811674	4	40	10	left	left	1	10	16	625
1	29	1090.6312336091119	4	40	10	left	left	1	9	15.789	570
1	30	1089.739177052931	4	40	10	left	left	1	9	15.652	575
1	31	227.80776103332406	4	40	10	left	left	1	10	16.234	616
1	32	564.1741577510488	4	40	10	right	right	1	12	15.171	791
1	33	347.3345052035328	4	40	10	right	right	1	8	15.355	521
1	34	351.61906293229345	4	40	10	right	right	1	10	15.129	661
1	35	606.8411101949639	4	40	10	left	left	1	8	16.293	491
1	36	1078.364505338562	4	40	10	right	right	1	8	15.564	514
1	37	386.22968141845956	4	40	10	right	right	1	8	16.227	493
1	38	2969.548103654642	4	40	10	left	left	1	9	15.625	576
1	39	241.41709735034055	4	40	10	left	left	1	9	16.129	558
1	40	827.4941198652923	4	40	10	left	left	1	9	16.729	538
2	1	1226.1280343444837	4	40	10	left	left	1	10	16.287	614
2	2	876.6252577369216	4	40	10	left	left	1	8	16.632	481
2	3	290.19939806967636	4	40	10	left	right	0	18	15.652	1150
2	4	1857.912151695791	4	40	10	right	right	1	9	16.575	543
2	5	2710.1415968488163	4	40	10	left	left	1	12	15.894	755
2	6	1077.2343685853593	4	40	10	right	right	1	18	15.504	1161
2	7	488.5502165846681	4	40	10	left	left	1	8	15.474	517
2	8	4205.561475562782	4	40	10	right	right	1	17	15.469	1099
2	9	204.94379952895613	4	40	10	right	right	1	10	15.898	629
2	10	396.8791513388761	4	40	10	left	right	0	11	15.988	688
2	11	2414.008371443771	4	40	10	right	right	1	10	16.722	598
2	12	260.1993040747252	4	40	10	right	right	1	11	16.345	673
2	13	731.6157703650406	4	40	10	right	right	1	12	15.544	772
2	14	343.43769139367	4	40	10	right	right	1	22	15.504	1419
2	15	402.7821957463429	4	40	10	left	left	1	12	16.349	734
2	16	593.5258774442377	4	40	10	right	right	1	12	16.371	733
2	17	318.10508915710375	4	40	10	left	left	1	15	16.06	934
2	18	1498.9538749001558	4	40	10	left	left	1	9	16.453	547
2	19	524.5983979129535	4	40	10	left	left	1	8	15.385	520
2	20	1672.7400141346984	4	40	10	left	left	1	12	16.438	730
2	21	719.1654455191004	4	40	10	right	right	1	12	15.873	756
2	22	402.72724024953413	4	40	10	left	left	1	10	15.723	636
2	23	599.7783197605626	4	40	10	left	left	1	14	16.11	869
2	24	1422.6890195823614	4	40	10	right	right	1	10	15.152	660
2	25	530.182222010126	4	40	10	right	right	1	9	15.177	593
2	26	1004.7343530614299	4	40	10	right	right	1	13	15.421	843
2	27	382.0907612698328	4	40	10	left	left	1	9	16.575	543
2	28	1076.348689192806	4	40	10	right	right	1	11	15.647	703
2	29	2324.848285393905	4	40	10	left	right	0	15	15.625	960
2	30	480.39289626936426	4	40	10	left	left	1	9	15.598	577
2	31	230.61655912271064	4	40	10	right	right	1	10	16.313	613
2	32	283.84639346545464	4	40	10	right	right	1	10	15.974	626
2	33	652.7588438813332	4	40	10	right	right	1	10	16.026	624
2	34	484.4024231754087	4	40	10	right	right	1	11	16.393	671
2	35	272.8367783766772	4	40	10	left	left	1	10	15.924	628
2	36	1464.013507787981	4	40	10	left	left	1	14	16.222	863
2	37	2210.7969597705523	4	40	10	right	right	1	10	16.026	624
2	38	293.77133157136893	4	40	10	right	right	1	10	15.773	634
2	39	650.0942429686456	4	40	10	left	left	1	8	15.936	502
2	40	693.4024270054804	4	40	10	left	left	1	12	16.393	732
3	1	268.8485952451513	4	40	10	right	right	1	8	15.355	521
3	2	215.2014522676285	4	40	10	left	left	1	9	15.734	572
3	3	485.54374406258427	4	40	10	right	right	1	8	16.598	482
3	4	1065.3787322796984	4	40	10	right	right	1	9	15.437	583
3	5	986.9017697557169	4	40	10	left	left	1	9	15.845	568
3	6	317.6250617378698	4	40	10	right	right	1	7	15.556	450
3	7	2113.5870285782757	4	40	10	left	left	1	18	15.358	1172
3	8	256.9040981236665	4	40	10	left	left	1	9	15.203	592
3	9	1164.856917505898	4	40	10	right	right	1	11	15.85	694
3	10	365.8222096789841	4	40	10	left	left	1	8	16.36	489
3	11	803.0310429935724	4	40	10	left	left	1	9	16.453	547
3	12	1454.669363059611	4	40	10	right	right	1	10	15.848	631
3	13	1370.9037366238351	4	40	10	right	right	1	10	16.181	618
3	14	1100.7654852984936	4	40	10	right	right	1	8	16.129	496
3	15	443.7201974677863	4	40	10	left	left	1	9	16.453	547
3	16	788.709508173062	4	40	10	left	left	1	9	15.544	579
3	17	207.77146675073152	4	40	10	right	right	1	10	16.529	605
3	18	371.8015455783209	4	40	10	left	left	1	8	15.355	521
3	19	438.3510590630123	4	40	10	left	left	1	9	16.981	530
3	20	358.7932628091802	4	40	10	left	right	0	8	15.873	504
3	21	615.3621422310839	4	40	10	left	left	1	12	15.19	790
3	22	703.0024903685521	4	40	10	left	left	1	13	15.758	825
3	23	1185.608569024943	4	40	10	right	left	0	11	15.67	702
3	24	374.00080513261355	4	40	10	left	left	1	9	15.28	589
3	25	1218.8083801817475	4	40	10	left	left	1	23	15.172	1516
3	26	410.6179417045272	4	40	10	left	right	0	9	15.929	565
3	27	887.8452699172793	4	40	10	left	left	1	13	15.682	829
3	28	310.4043208424214	4	40	10	right	right	1	9	15.203	592
3	29	359.58547436198137	4	40	10	left	left	1	9	15.177	593
3	30	2978.772061686037	4	40	10	right	right	1	12	16.216	740
3	31	1582.473934446001	4	40	10	left	left	1	11	15.193	724
3	32	1017.7181987894419	4	40	10	right	right	1	12	15.267	786
3	33	666.9573810082508	4	40	10	left	left	1	9	15.517	580
3	34	1604.038219595885	4	40	10	right	right	1	11	15.759	698
3	35	2443.5049042015416	4	40	10	right	right	1	10	15.432	648
3	36	1555.4713323778071	4	40	10	right	right	1	11	15.603	705
3	37	508.4724252578339	4	40	10	right	right	1	19	15.781	1204
3	38	883.3971834504264	4	40	10	right	right	1	12	15.852	757
3	39	264.8614260896048	4	40	10	right	right	1	13	15.276	851
3	40	620.940435804084	4	40	10	right	right	1	12	15.789	760
4	1	1622.2613771101435	4	40	10	right	right	1	11	15.235	722
4	2	282.10076733607025	4	40	10	left	left	1	10	16.779	596
4	3	283.11203639168616	4	40	10	right	right	1	8	15.355	521
4	4	975.5347915353785	4	40	10	left	left	1	11	15.537	708
4	5	302.35449758560696	4	40	10	right	right	1	10	15.924	628
4	6	657.7819945482008	4	40	10	right	right	1	8	16.529	484
4	7	342.9952218479958	4	40	10	right	right	1	9	15.901	566
4	8	1894.2860459146389	4	40	10	left	left	1	10	16.287	614
4	9	289.31165126213034	4	40	10	left	left	1	13	15.152	858
4	10	1084.868373487152	4	40	10	left	left	1	10	16.611	602
4	11	1258.7014964311707	4	40	10	left	left	1	14	15.855	883
4	12	2643.427881456109	4	40	10	left	left	1	12	16.129	744
4	13	2788.8591601085895	4	40	10	left	left	1	11	15.342	717
4	14	649.5277343733225	4	40	10	left	right	0	10	15.699	637
4	15	585.03296961921	4	40	10	left	left	1	12	16.043	748
4	16	1120.5109259686446	4	40	10	left	left	1	22	15.482	1421
4	17	358.2109250961473	4	40	10	left	left	1	19	15.561	1221
4	18	608.3058459923884	4	40	10	right	right	1	10	16.694	599
4	19	1642.7331048875067	4	40	10	right	right	1	12	15.444	777
4	20	397.2802471810685	4	40	10	right	right	1	16	15.905	1006
4	21	797.6932896368971	4	40	10	right	right	1	10	15.504	645
4	22	1323.7591920109073	4	40	10	left	left	1	16	15.968	1002
4	23	273.866413861081	4	40	10	right	right	1	10	15.748	635
4	24	261.8630138067313	4	40	10	right	right	1	10	16.556	604
4	25	263.67511303041533	4	40	10	left	left	1	12	16.282	737
4	26	559.9919206427043	4	40	10	right	right	1	12	16.173	742
4	27	568.2026065353505	4	40	10	right	right	1	17	15.441	1101
4	28	369.5093970932806	4	40	10	left	left	1	9	16.949	531
4	29	259.2726395433835	4	40	10	right	right	1	9	15.464	582
4	30	1544.2408405546794	4	40	10	right	right	1	10	16.051	623
4	31	389.4982343914485	4	40	10	left	right	0	9	16.129	558
4	32	1262.2256191142174	4	40	10	right	right	1	12	15.873	756
4	33	1163.3073214859946	4	40	10	right	right	1	9	16.014	562
4	34	241.86592945195358	4	40	10	right	right	1	13	15.569	835
4	35	647.7871500267341	4	40	10	left	left	1	11	15.428	713
4	36	1433.3369473108444	4	40	10	left	left	1	15	15.291	981
4	37	1679.364808938456	4	40	10	right	right	1	10	16.502	606
4	38	2100.879201760794	4	40	10	right	right	1	11	15.471	711
4	39	540.3705690533156	4	40	10	left	left	1	9	15.358	586
4	40	2087.593111224912	4	40	10	left	left	1	11	16.32	674
