
blkNum	trlNum	randomStimulusOnsetTime	coherentDots	numberofDots	percentCoherence	winningDirection	response	correct	eventCount	averageFrameRate	RT
1	1	364.6983851521827	4	40	10	right	right	1	71	14.932	4755
1	2	1226.080719900681	4	40	10	left	left	1	67	15.179	4414
1	3	343.2112827808394	4	40	10	right	right	1	44	15.105	2913
1	4	568.4830032294974	4	40	10	left	left	1	20	15.209	1315
1	5	341.4776579755668	4	40	10	right	right	1	21	15.544	1351
1	6	2385.9414441119484	4	40	10	left	left	1	28	15.152	1848
1	7	491.397107984024	4	40	10	left	left	1	17	15.625	1088
1	8	474.2161315227828	4	40	10	right	right	1	29	15.32	1893
1	9	298.9795841805101	4	40	10	left	left	1	12	15.056	797
1	10	754.3364175928933	4	40	10	left	left	1	19	15.164	1253
1	11	1136.5202709009595	4	40	10	right	left	0	12	15.584	770
1	12	365.8038770366554	4	40	10	right	right	1	14	15.368	911
1	13	667.3032177561729	4	40	10	left	left	1	19	15.212	1249
1	14	334.2683141544288	4	40	10	left	left	1	21	15.217	1380
1	15	947.6709268451051	4	40	10	right	right	1	18	15.216	1183
1	16	305.5241416198352	4	40	10	right	right	1	21	15.141	1387
1	17	756.0818343621881	4	40	10	right	right	1	13	15.152	858
1	18	869.9022013549171	4	40	10	left	left	1	13	15.588	834
1	19	293.191967282139	4	40	10	right	right	1	15	15.625	960
1	20	1483.4095869207702	4	40	10	right	right	1	16	15.873	1008
1	21	956.440316391639	4	40	10	right	right	1	21	15.108	1390
1	22	636.8174769775817	4	40	10	right	right	1	12	15.287	785
1	23	315.9049505084391	4	40	10	left	right	0	9	16.544	544
1	24	1307.144461997448	4	40	10	left	left	1	13	15.777	824
1	25	503.6229825900499	4	40	10	right	right	1	31	15.078	2056
1	26	435.4087763443953	4	40	10	left	left	1	13	15.892	818
1	27	556.8413162703962	4	40	10	left	left	1	21	15.184	1383
1	28	298.69556769975856	4	40	10	left	left	1	13	15.439	842
1	29	669.6560245958357	4	40	10	left	left	1	31	15.4	2013
1	30	470.2132271014672	4	40	10	right	right	1	15	15.4	974
1	31	406.3151695349908	4	40	10	right	right	1	28	15.054	1860
1	32	260.25887595308615	4	40	10	left	left	1	15	15.106	993
1	33	898.9374230294036	4	40	10	right	right	1	23	15.082	1525
1	34	386.71702520613576	4	40	10	left	left	1	16	14.953	1070
1	35	456.8822123352789	4	40	10	right	right	1	12	15.056	797
1	36	682.3370833684019	4	40	10	left	left	1	16	15.857	1009
1	37	407.89455062918006	4	40	10	left	left	1	14	15.713	891
1	38	1446.5333614022438	4	40	10	right	right	1	9	16.393	549
1	39	221.02313503712762	4	40	10	left	left	1	31	15.415	2011
1	40	389.1725262726777	4	40	10	right	right	1	18	15.557	1157
2	1	460.0585172515547	4	40	10	right	right	1	9	15.986	563
2	2	1398.2503355025372	4	40	10	right	right	1	18	15.531	1159
2	3	1386.7803980356748	4	40	10	left	left	1	14	14.973	935
2	4	653.9229227317574	4	40	10	left	left	1	26	15.276	1702
2	5	1217.9655048921632	4	40	10	left	left	1	15	15.48	969
2	6	1065.4779070799523	4	40	10	left	left	1	29	15.279	1898
2	7	601.6420395804682	4	40	10	left	left	1	22	15.406	1428
2	8	253.64619848729131	4	40	10	right	right	1	24	15.355	1563
2	9	1206.8440283670484	4	40	10	left	left	1	37	15.071	2455
2	10	1374.5416889839082	4	40	10	left	left	1	17	15.712	1082
2	11	257.67018728834313	4	40	10	right	right	1	12	15.113	794
2	12	2590.1852817527997	4	40	10	right	right	1	16	15.267	1048
2	13	330.2261155617143	4	40	10	left	left	1	14	15.748	889
2	14	215.0695479553967	4	40	10	left	left	1	13	15.152	858
2	15	393.471965700345	4	40	10	left	left	1	12	16.064	747
2	16	639.1643579571291	4	40	10	left	left	1	17	15.031	1131
2	17	278.47554606178085	4	40	10	left	left	1	12	15.094	795
2	18	879.658710708845	4	40	10	left	left	1	14	15.301	915
2	19	756.6546035827903	4	40	10	right	right	1	12	15.666	766
2	20	477.50484341125366	4	40	10	right	right	1	9	15.707	573
2	21	1370.6725659601618	4	40	10	right	right	1	13	15.931	816
2	22	539.7524565249495	4	40	10	right	right	1	10	16	625
2	23	272.89023188180835	4	40	10	left	left	1	11	15.988	688
2	24	1187.405550866867	4	40	10	left	left	1	11	16.345	673
2	25	596.5322348625948	4	40	10	left	left	1	14	15.487	904
2	26	2159.313069170753	4	40	10	right	right	1	14	15.086	928
2	27	271.2644707966152	4	40	10	right	right	1	10	15.798	633
2	28	618.206984332414	4	40	10	right	right	1	20	15.129	1322
2	29	1939.119011032847	4	40	10	left	left	1	10	15.015	666
2	30	614.325371120508	4	40	10	right	right	1	13	15.458	841
2	31	389.46331968860477	4	40	10	left	left	1	14	15.784	887
2	32	616.2578873285278	4	40	10	right	right	1	10	15.456	647
2	33	555.7156118482925	4	40	10	right	right	1	12	15.019	799
2	34	1285.8491632239918	4	40	10	right	right	1	10	15.267	655
2	35	1077.027504403247	4	40	10	left	left	1	13	15.476	840
2	36	570.654404750648	4	40	10	left	left	1	13	15.064	863
2	37	965.1050865050007	4	40	10	right	right	1	22	15.193	1448
2	38	955.201229538037	4	40	10	right	right	1	13	16.169	804
2	39	519.2350790980951	4	40	10	right	right	1	8	15.066	531
2	40	1036.5184695786425	4	40	10	right	right	1	10	16.393	610
3	1	210.52319046300417	4	40	10	left	left	1	22	15.493	1420
3	2	1268.526324849186	4	40	10	left	right	0	10	15.699	637
3	3	1750.6375770612535	4	40	10	left	left	1	13	15.421	843
3	4	430.8293954013969	4	40	10	left	left	1	12	15.666	766
3	5	1110.650727576156	4	40	10	left	left	1	11	15.342	717
3	6	459.47223690791674	4	40	10	right	right	1	11	16.153	681
3	7	387.28853124222763	4	40	10	left	left	1	13	15.815	822
3	8	716.6045694850029	4	40	10	right	right	1	14	15.608	897
3	9	2955.71473620087	4	40	10	right	right	1	10	15.949	627
3	10	308.50864420825695	4	40	10	right	right	1	15	15.873	945
3	11	219.6488307885703	4	40	10	right	right	1	12	15.686	765
3	12	1599.0731906554329	4	40	10	left	left	1	10	15.773	634
3	13	343.8072129448277	4	40	10	left	left	1	26	15.214	1709
3	14	272.37545886427085	4	40	10	right	right	1	17	15.858	1072
3	15	721.45218716523	4	40	10	left	left	1	18	15.203	1184
3	16	1319.8034531848446	4	40	10	right	right	1	9	15.929	565
3	17	572.0729365631205	4	40	10	left	left	1	28	15.487	1808
3	18	1870.3545721779685	4	40	10	left	left	1	9	15.05	598
3	19	559.4801249184356	4	40	10	right	right	1	16	15.18	1054
3	20	377.72500403495326	4	40	10	left	left	1	10	15.337	652
3	21	864.5600141407268	4	40	10	left	left	1	13	16.149	805
3	22	753.27841436848	4	40	10	left	left	1	12	16.043	748
3	23	1363.2101158727285	4	40	10	left	left	1	14	15.713	891
3	24	335.9478946845308	4	40	10	left	left	1	10	15.432	648
3	25	790.050322570871	4	40	10	right	right	1	11	15.737	699
3	26	861.9464063482419	4	40	10	right	right	1	89	15.072	5905
3	27	289.5050178290392	4	40	10	right	right	1	15	15.213	986
3	28	1013.7777064478212	4	40	10	left	left	1	10	15.244	656
3	29	607.8004358066046	4	40	10	left	left	1	21	15.362	1367
3	30	706.9820900797274	4	40	10	right	right	1	17	15.469	1099
3	31	1707.8755750804914	4	40	10	right	right	1	8	15.564	514
3	32	720.8490411863182	4	40	10	right	right	1	27	14.967	1804
3	33	1670.418473663776	4	40	10	right	right	1	7	16.317	429
3	34	1988.9644575871894	4	40	10	right	right	1	10	15.699	637
3	35	970.0770719367566	4	40	10	left	left	1	16	15.429	1037
3	36	274.66213574618206	4	40	10	left	left	1	14	15.168	923
3	37	335.27178081299076	4	40	10	right	right	1	8	15.936	502
3	38	688.699125789973	4	40	10	right	right	1	9	15.929	565
3	39	256.7377771828546	4	40	10	right	right	1	10	15.432	648
3	40	365.31319716908126	4	40	10	right	right	1	11	15.048	731
4	1	554.7131107431107	4	40	10	right	right	1	17	15.625	1088
4	2	1527.1424033193553	4	40	10	right	right	1	11	15.603	705
4	3	1554.0807636277127	4	40	10	right	right	1	10	16.393	610
4	4	3970.4939693115575	4	40	10	left	left	1	20	15.267	1310
4	5	1013.464826964097	4	40	10	left	right	0	9	15.025	599
4	6	544.513499946808	4	40	10	left	left	1	10	16.393	610
4	7	904.5819939782183	4	40	10	right	right	1	14	15.713	891
4	8	236.7705577978241	4	40	10	right	right	1	10	14.97	668
4	9	2605.2533317384414	4	40	10	left	left	1	9	16.729	538
4	10	315.8759548467399	4	40	10	right	right	1	9	15.28	589
4	11	349.79567596660394	4	40	10	left	left	1	6	16.484	364
4	12	1152.7896320896052	4	40	10	left	left	1	11	16.035	686
4	13	364.8392450369437	4	40	10	left	left	1	9	16.014	562
4	14	493.46800644901145	4	40	10	right	right	1	12	15.81	759
4	15	786.521202131523	4	40	10	left	left	1	15	15.773	951
4	16	414.00085580188136	4	40	10	left	left	1	20	14.993	1334
4	17	3184.5083371708715	4	40	10	left	left	1	13	15.758	825
4	18	1042.9091209400049	4	40	10	right	right	1	11	15.342	717
4	19	382.8013212974276	4	40	10	right	right	1	24	15.296	1569
4	20	589.9484913402355	4	40	10	left	left	1	33	15.278	2160
4	21	344.95596495215	4	40	10	right	right	1	12	16.194	741
4	22	1244.4423749898692	4	40	10	right	right	1	17	15.77	1078
4	23	739.7994691176463	4	40	10	left	left	1	15	15.213	986
4	24	463.2665868781072	4	40	10	right	right	1	9	16.245	554
4	25	833.959798146263	4	40	10	left	left	1	8	15.038	532
4	26	616.0157644030846	4	40	10	right	right	1	9	15.817	569
4	27	309.44547791676763	4	40	10	right	right	1	13	15.644	831
4	28	333.91466813224076	4	40	10	left	left	1	19	15.397	1234
4	29	453.7188415914842	4	40	10	left	left	1	27	15.376	1756
4	30	356.94725990779074	4	40	10	left	left	1	23	15.52	1482
4	31	703.7608314213462	4	40	10	left	left	1	15	15.337	978
4	32	580.4516464524811	4	40	10	right	right	1	8	15.534	515
4	33	416.9140122221563	4	40	10	left	left	1	10	16.34	612
4	34	361.0353690251675	4	40	10	right	right	1	10	15.798	633
4	35	1129.006860028459	4	40	10	right	right	1	11	15.278	720
4	36	556.7163513775236	4	40	10	left	left	1	11	15.782	697
4	37	363.60797771485625	4	40	10	left	right	0	10	15.291	654
4	38	1743.64164781718	4	40	10	right	right	1	10	16.313	613
4	39	479.8735564040784	4	40	10	right	right	1	12	15.727	763
4	40	454.90109991299147	4	40	10	right	right	1	11	15.759	698
