
blkNum	trlNum	randomStimulusOnsetTime	coherentDots	numberofDots	percentCoherence	winningDirection	response	correct	eventCount	averageFrameRate	RT
1	1	778.9475697502079	4	40	10	left	left	1	125	15.218	8214
1	2	1872.307837839566	4	40	10	left	right	0	50	15.404	3246
1	3	1782.564924902184	4	40	10	right	right	1	25	15.263	1638
1	4	567.0443065945892	4	40	10	left	left	1	94	15.275	6154
1	5	279.3881480544998	4	40	10	left	left	1	25	15.442	1619
1	6	580.0601593888871	4	40	10	right	right	1	29	15.684	1849
1	7	224.20020415795443	4	40	10	right	right	1	22	15.737	1398
1	8	1552.726475843663	4	40	10	left	left	1	14	15.766	888
1	9	773.7713996649024	4	40	10	right	right	1	34	15.406	2207
1	10	1054.9188219716384	4	40	10	right	right	1	34	15.596	2180
1	11	654.0895337921979	4	40	10	left	left	1	14	15.642	895
1	12	455.2856126986655	4	40	10	right	right	1	16	15.873	1008
1	13	1575.4195822337538	4	40	10	left	left	1	18	15.544	1158
1	14	1148.102678743891	4	40	10	left	left	1	17	15.888	1070
1	15	2627.964436097569	4	40	10	left	left	1	15	15.723	954
1	16	1782.1625862695741	4	40	10	right	right	1	15	15.773	951
1	17	1341.5763464674171	4	40	10	left	left	1	14	16.018	874
1	18	404.6015347579852	4	40	10	left	left	1	14	15.819	885
1	19	265.2244068897271	4	40	10	left	left	1	15	15.528	966
1	20	942.230693648526	4	40	10	right	right	1	14	15.59	898
1	21	258.91387748348996	4	40	10	left	left	1	12	16.393	732
1	22	449.6382694169588	4	40	10	left	left	1	14	16	875
1	23	1469.014634842256	4	40	10	left	left	1	12	15.19	790
1	24	344.24206292952033	4	40	10	right	right	1	25	15.253	1639
1	25	779.3998272956642	4	40	10	right	left	0	19	15.31	1241
1	26	2309.736889980131	4	40	10	right	right	1	19	15.94	1192
1	27	326.1297954105888	4	40	10	left	left	1	27	15.725	1717
1	28	223.08942006449962	4	40	10	left	left	1	43	15.324	2806
1	29	579.2532189106153	4	40	10	left	left	1	17	15.441	1101
1	30	737.157989232649	4	40	10	right	right	1	21	15.475	1357
1	31	545.7499492295549	4	40	10	left	left	1	17	15.206	1118
1	32	2120.4594323288666	4	40	10	right	right	1	11	16.058	685
1	33	208.1250505933229	4	40	10	right	right	1	21	15.407	1363
1	34	1260.8950757092744	4	40	10	right	right	1	18	15.464	1164
1	35	1307.20669786876	4	40	10	right	right	1	28	15.521	1804
1	36	2356.891043278492	4	40	10	left	left	1	16	16.08	995
1	37	768.5169023751173	4	40	10	right	right	1	17	15.568	1092
1	38	868.0631422772221	4	40	10	right	right	1	17	16.038	1060
1	39	240.70270712714492	4	40	10	right	right	1	14	15.59	898
1	40	1279.7723237119742	4	40	10	right	right	1	11	16.248	677
2	1	1123.63939476106	4	40	10	right	right	1	19	15.164	1253
2	2	234.48177941109992	4	40	10	left	left	1	23	15.646	1470
2	3	611.0340236752982	4	40	10	right	right	1	16	15.92	1005
2	4	1266.2957073236564	4	40	10	left	left	1	15	15.89	944
2	5	827.8387259593286	4	40	10	right	right	1	11	16.616	662
2	6	491.85007641573054	4	40	10	left	left	1	67	15.234	4398
2	7	539.9890378702344	4	40	10	left	left	1	48	15.262	3145
2	8	1390.0478821342003	4	40	10	right	right	1	15	15.4	974
2	9	1610.6837298134224	4	40	10	left	left	1	22	15.204	1447
2	10	775.7416229377078	4	40	10	left	left	1	12	16.416	731
2	11	589.6037129408508	4	40	10	left	right	0	14	15.168	923
2	12	772.4836854438232	4	40	10	right	right	1	15	15.291	981
2	13	224.17750310816456	4	40	10	right	left	0	9	15.598	577
2	14	552.6354642758909	4	40	10	right	right	1	22	15.771	1395
2	15	519.941316362709	4	40	10	left	left	1	29	15.255	1901
2	16	646.7874579739522	4	40	10	left	left	1	19	15.742	1207
2	17	320.66277109444667	4	40	10	right	right	1	10	16.393	610
2	18	320.678353724968	4	40	10	right	right	1	13	15.625	832
2	19	904.6723396446582	4	40	10	right	right	1	11	15.896	692
2	20	237.4882700635697	4	40	10	right	right	1	24	15.161	1583
2	21	1380.7616742923854	4	40	10	right	right	1	30	15.385	1950
2	22	279.73847207338076	4	40	10	right	right	1	22	15.647	1406
2	23	318.91028797788135	4	40	10	left	left	1	28	15.436	1814
2	24	228.0938520708097	4	40	10	right	right	1	22	5.215	4219
2	25	2023.1445690408195	4	40	10	right	right	1	12	15.645	767
2	26	572.0898208706086	4	40	10	left	left	1	37	15.468	2392
2	27	958.8100262517804	4	40	10	left	right	0	64	15.162	4221
2	28	852.308115111211	4	40	10	left	left	1	22	15.406	1428
2	29	406.5486175601906	4	40	10	right	right	1	32	15.274	2095
2	30	435.56026237483974	4	40	10	right	right	1	19	15.273	1244
2	31	3764.164538447304	4	40	10	left	left	1	15	15.856	946
2	32	3455.6403974119066	4	40	10	left	left	1	15	15.369	976
2	33	1221.9215323381104	4	40	10	left	right	0	19	15.31	1241
2	34	596.7437531891759	4	40	10	right	right	1	12	15.464	776
2	35	367.10355454070134	4	40	10	left	left	1	13	15.532	837
2	36	304.39430322503625	4	40	10	left	left	1	45	15.157	2969
2	37	330.62900603835567	4	40	10	left	left	1	75	15.185	4939
2	38	308.0843891252016	4	40	10	right	right	1	14	15.713	891
2	39	297.8985663143402	4	40	10	right	right	1	34	15.343	2216
2	40	381.94799603746003	4	40	10	left	left	1	62	15.226	4072
3	1	439.157700718812	4	40	10	left	left	1	21	15.613	1345
3	2	682.9611220760657	4	40	10	left	left	1	18	15.319	1175
3	3	652.6478107560455	4	40	10	left	right	0	45	15.369	2928
3	4	442.8516118760352	4	40	10	left	left	1	26	15.312	1698
3	5	3232.906448010947	4	40	10	left	left	1	23	15.7	1465
3	6	602.6505437727374	4	40	10	right	right	1	14	15.625	896
3	7	737.5490430780173	4	40	10	right	right	1	14	16.073	871
3	8	766.8964602696783	4	40	10	left	left	1	11	15.919	691
3	9	612.0124115241217	4	40	10	left	left	1	22	15.46	1423
3	10	210.49457152410622	4	40	10	right	right	1	10	15.314	653
3	11	930.762117558027	4	40	10	left	left	1	23	15.614	1473
3	12	378.51551229007487	4	40	10	left	left	1	60	15.159	3958
3	13	494.40992331927595	4	40	10	right	right	1	20	15.14	1321
3	14	1082.449076080206	4	40	10	right	right	1	24	15.454	1553
3	15	300.32032048836663	4	40	10	right	right	1	20	15.773	1268
3	16	3897.727449706176	4	40	10	left	left	1	12	15.132	793
3	17	224.41263638441575	4	40	10	right	right	1	14	15.837	884
3	18	606.6835196081764	4	40	10	left	left	1	50	15.216	3286
3	19	3984.8655944735565	4	40	10	right	right	1	20	15.662	1277
3	20	908.5742192091067	4	40	10	left	left	1	20	15.456	1294
3	21	1002.5569538986314	4	40	10	right	right	1	12	15.769	761
3	22	781.6319701983008	4	40	10	right	right	1	42	15.317	2742
3	23	288.2107597168592	4	40	10	left	left	1	60	15.267	3930
3	24	1196.7690521773684	4	40	10	right	right	1	17	15.625	1088
3	25	387.96739147850985	4	40	10	right	right	1	15	15.625	960
3	26	765.5225675187642	4	40	10	left	left	1	20	15.86	1261
3	27	1574.5270571610163	4	40	10	left	left	1	16	16.016	999
3	28	1412.6462855703705	4	40	10	left	left	1	24	15.474	1551
3	29	663.3511438516698	4	40	10	left	left	1	19	15.176	1252
3	30	575.1596658239273	4	40	10	left	left	1	29	15.215	1906
3	31	962.043996660869	4	40	10	right	right	1	13	15.152	858
3	32	3984.2710434169835	4	40	10	right	right	1	36	15.332	2348
3	33	542.0843240625156	4	40	10	right	right	1	22	15.748	1397
3	34	1018.4497932870441	4	40	10	right	right	1	12	15.075	796
3	35	2526.932930401587	4	40	10	right	right	1	21	15.152	1386
3	36	786.7118606793348	4	40	10	right	right	1	12	15.625	768
3	37	256.6360404423564	4	40	10	left	left	1	13	16.03	811
3	38	1400.1902551128708	4	40	10	right	right	1	18	15.639	1151
3	39	1868.7103657414875	4	40	10	left	left	1	15	16.06	934
3	40	1921.807803046375	4	40	10	right	right	1	31	15.516	1998
4	1	778.4612556560719	4	40	10	left	left	1	39	15.211	2564
4	2	410.13709996720524	4	40	10	right	right	1	13	15.854	820
4	3	1783.2808870330819	4	40	10	left	left	1	28	15.259	1835
4	4	2962.980534900796	4	40	10	left	left	1	25	15.518	1611
4	5	283.9898412638637	4	40	10	left	left	1	18	15.477	1163
4	6	703.8707083704257	4	40	10	left	left	1	13	15.258	852
4	7	678.771796679887	4	40	10	right	right	1	15	15.353	977
4	8	1877.0965739071264	4	40	10	left	left	1	13	15.738	826
4	9	642.8408273189962	4	40	10	left	left	1	31	15.562	1992
4	10	883.6696195193766	4	40	10	right	right	1	11	16.035	686
4	11	2373.746844673592	4	40	10	left	left	1	12	15.248	787
4	12	961.9784815740876	4	40	10	right	right	1	14	15.891	881
4	13	503.9595378557687	4	40	10	left	left	1	12	15.464	776
4	14	1457.9972233508317	4	40	10	right	right	1	9	15.901	566
4	15	1155.0509093897226	4	40	10	right	right	1	16	15.671	1021
4	16	603.8945517634173	4	40	10	left	left	1	11	15.299	719
4	17	1005.4652519110361	4	40	10	right	right	1	17	15.639	1087
4	18	1077.885792595873	4	40	10	right	right	1	16	15.296	1046
4	19	664.7004865601335	4	40	10	left	left	1	18	15.693	1147
4	20	781.9638689415452	4	40	10	left	left	1	11	16.248	677
4	21	4212.448454671596	4	40	10	left	right	0	9	15.789	570
4	22	709.5075076494865	4	40	10	left	left	1	27	15.246	1771
4	23	296.82311767888484	4	40	10	right	right	1	31	15.144	2047
4	24	621.0348055065238	4	40	10	right	right	1	13	16.049	810
4	25	648.9103875490935	4	40	10	right	right	1	14	16.222	863
4	26	1624.7879741175286	4	40	10	right	right	1	12	16.129	744
4	27	516.5635661394422	4	40	10	right	right	1	29	15.633	1855
4	28	606.5946778300463	4	40	10	right	right	1	22	15.342	1434
4	29	1022.3973896296385	4	40	10	left	left	1	12	15.326	783
4	30	258.75729171122697	4	40	10	left	left	1	15	15.198	987
4	31	1676.9789666902911	4	40	10	right	right	1	11	16.541	665
4	32	233.84391492316908	4	40	10	left	left	1	20	15.637	1279
4	33	807.2591218648706	4	40	10	right	right	1	18	15.873	1134
4	34	488.902495229497	4	40	10	right	right	1	13	15.931	816
4	35	3060.9719602920895	4	40	10	right	right	1	12	15.748	762
4	36	1011.8873326516814	4	40	10	right	right	1	9	15.28	589
4	37	378.0691254399648	4	40	10	left	left	1	14	15.819	885
4	38	1980.7757689647308	4	40	10	left	left	1	36	15.313	2351
4	39	450.8900450257429	4	40	10	right	right	1	21	15.43	1361
4	40	231.89596768397038	4	40	10	left	left	1	15	15.89	944
