
blkNum	trlNum	randomStimulusOnsetTime	coherentDots	numberofDots	percentCoherence	winningDirection	response	correct	eventCount	averageFrameRate	RT
1	1	201.83433129217556	4	40	10	left	left	1	44	15.167	2901
1	2	679.5251488249567	4	40	10	left	left	1	19	15.36	1237
1	3	463.30563282159056	4	40	10	right	right	1	23	15.689	1466
1	4	967.1990150374554	4	40	10	right	right	1	13	16.332	796
1	5	736.9341819437216	4	40	10	left	left	1	72	15.209	4734
1	6	738.0084387796855	4	40	10	right	right	1	27	15.625	1728
1	7	684.4081509419655	4	40	10	right	right	1	16	15.534	1030
1	8	942.6136672851429	4	40	10	left	left	1	40	15.25	2623
1	9	3464.2997654921296	4	40	10	left	left	1	20	15.601	1282
1	10	367.32115523775303	4	40	10	right	right	1	11	15.406	714
1	11	507.34536666773266	4	40	10	left	right	0	14	16.185	865
1	12	539.7231339671415	4	40	10	left	right	0	51	15.426	3306
1	13	281.7159276654483	4	40	10	left	left	1	25	15.253	1639
1	14	229.13879483327642	4	40	10	right	right	1	16	15.504	1032
1	15	611.8432083887417	4	40	10	left	right	0	35	15.198	2303
1	16	562.0114523045297	4	40	10	left	left	1	19	15.728	1208
1	17	2157.0689794983628	4	40	10	left	left	1	12	15.152	792
1	18	803.7717057922415	4	40	10	left	left	1	30	15.337	1956
1	19	331.87797094659754	4	40	10	right	right	1	15	16.129	930
1	20	309.92203649790434	4	40	10	right	right	1	10	16.639	601
1	21	267.62165818612397	4	40	10	right	right	1	15	15.991	938
1	22	770.1867620251478	4	40	10	right	right	1	13	15.588	834
1	23	218.59461531342552	4	40	10	right	right	1	15	15.674	957
1	24	2630.759262183257	4	40	10	right	right	1	25	15.263	1638
1	25	532.175638268186	4	40	10	right	right	1	11	16.176	680
1	26	495.32260303080096	4	40	10	left	right	0	11	15.32	718
1	27	776.4835405694374	4	40	10	left	left	1	13	15.366	846
1	28	363.46911046693316	4	40	10	left	left	1	30	15.275	1964
1	29	2467.0921412938487	4	40	10	right	right	1	12	16.349	734
1	30	361.55078335018436	4	40	10	right	right	1	14	15.436	907
1	31	1468.427582992366	4	40	10	left	left	1	36	15.267	2358
1	32	412.41564680694876	4	40	10	left	left	1	49	15.322	3198
1	33	259.6703181479048	4	40	10	left	right	0	9	15.679	574
1	34	325.652300372489	4	40	10	right	right	1	16	15.795	1013
1	35	348.5326110475642	4	40	10	right	right	1	12	15.625	768
1	36	570.7943162283918	4	40	10	right	right	1	10	15.291	654
1	37	2347.651117818035	4	40	10	right	right	1	11	15.537	708
1	38	2073.5545944489477	4	40	10	right	right	1	12	15.228	788
1	39	1465.874596912427	4	40	10	left	right	0	9	16.76	537
1	40	853.9883277891025	4	40	10	left	left	1	14	15.556	900
2	1	461.73153428005753	4	40	10	right	right	1	10	15.699	637
2	2	336.25608870502396	4	40	10	right	left	0	7	16.746	418
2	3	1553.9555084528756	4	40	10	right	right	1	10	15.408	649
2	4	3036.167122000774	4	40	10	right	right	1	15	15.723	954
2	5	619.5843582330697	4	40	10	left	left	1	34	15.233	2232
2	6	296.6666015735351	4	40	10	left	left	1	33	15.399	2143
2	7	1975.6750937038835	4	40	10	left	left	1	9	15.358	586
2	8	642.4149487942864	4	40	10	left	left	1	8	15.504	516
2	9	820.8180937095584	4	40	10	left	right	0	70	15.297	4576
2	10	468.6653799352288	4	40	10	left	right	0	18	15.693	1147
2	11	286.4648241600399	4	40	10	right	right	1	37	15.226	2430
2	12	1624.3617019346898	4	40	10	right	right	1	12	15.564	771
2	13	1174.0753406567378	4	40	10	right	right	1	9	16.981	530
2	14	1119.7105523239416	4	40	10	left	right	0	9	16.854	534
2	15	1013.1107305091002	4	40	10	left	left	1	9	15.789	570
2	16	821.1930753920427	4	40	10	left	left	1	14	15.784	887
2	17	649.8872389808269	4	40	10	right	right	1	21	15.672	1340
2	18	1544.4930301850911	4	40	10	right	left	0	35	15.494	2259
2	19	2306.6832601748943	4	40	10	left	right	0	30	15.33	1957
2	20	494.6164530075877	4	40	10	right	right	1	20	15.924	1256
2	21	892.1340053983494	4	40	10	left	left	1	15	15.167	989
2	22	349.9725246771217	4	40	10	right	left	0	15	15.275	982
2	23	3654.4061655658193	4	40	10	left	left	1	56	15.292	3662
2	24	342.92147132757543	4	40	10	right	right	1	30	15.424	1945
2	25	338.220891771447	4	40	10	left	left	1	20	15.649	1278
2	26	242.8415130780127	4	40	10	right	right	1	41	15.507	2644
2	27	647.8664069946506	4	40	10	right	right	1	12	15.645	767
2	28	914.7502434236667	4	40	10	left	left	1	23	15.354	1498
2	29	473.2366415664057	4	40	10	left	left	1	11	16.012	687
2	30	688.8461529398254	4	40	10	left	right	0	36	15.352	2345
2	31	209.79530582202625	4	40	10	left	left	1	22	15.692	1402
2	32	345.1151526276569	4	40	10	right	right	1	42	15.481	2713
2	33	1158.4795610598198	4	40	10	left	left	1	29	15.625	1856
2	34	1429.014749582227	4	40	10	left	right	0	14	15.927	879
2	35	972.4135263205128	4	40	10	right	left	0	24	15.666	1532
2	36	1138.4174717672013	4	40	10	right	right	1	25	15.244	1640
2	37	322.5205799825012	4	40	10	right	left	0	36	15.326	2349
2	38	1099.234406263151	4	40	10	right	right	1	37	15.365	2408
2	39	1002.1866702278815	4	40	10	right	right	1	12	15.666	766
2	40	715.3881044794633	4	40	10	left	left	1	29	15.55	1865
3	1	610.5620926118061	4	40	10	left	left	1	13	15.222	854
3	2	254.43295711382484	4	40	10	left	left	1	21	15.407	1363
3	3	871.1760225918457	4	40	10	left	left	1	28	15.651	1789
3	4	1854.6355455914972	4	40	10	left	left	1	17	15.726	1081
3	5	608.2825879709828	4	40	10	left	left	1	19	15.472	1228
3	6	303.70343674697034	4	40	10	left	left	1	16	15.37	1041
3	7	216.10000197062087	4	40	10	left	left	1	39	15.157	2573
3	8	1327.7856674478069	4	40	10	right	right	1	38	15.403	2467
3	9	1311.8944792381963	4	40	10	right	right	1	23	15.182	1515
3	10	1931.1189588684977	4	40	10	right	right	1	21	15.521	1353
3	11	363.7939998148375	4	40	10	right	left	0	41	15.333	2674
3	12	956.1363827704623	4	40	10	left	left	1	20	15.267	1310
3	13	1402.2235052875753	4	40	10	right	left	0	9	15.203	592
3	14	297.83284631525544	4	40	10	left	left	1	17	15.192	1119
3	15	664.9011766804044	4	40	10	left	right	0	20	15.267	1310
3	16	374.244779234842	4	40	10	left	left	1	24	15.666	1532
3	17	391.0322790052145	4	40	10	right	right	1	14	15.351	912
3	18	442.0915759352058	4	40	10	left	left	1	10	16.556	604
3	19	731.511962098932	4	40	10	right	right	1	11	15.873	693
3	20	418.2468126037609	4	40	10	left	left	1	18	15.859	1135
3	21	275.2213413063017	4	40	10	right	left	0	11	16.129	682
3	22	3535.3907679038125	4	40	10	left	left	1	11	16.224	678
3	23	589.4104666743089	4	40	10	right	left	0	9	15.306	588
3	24	402.32654515660045	4	40	10	right	right	1	21	15.162	1385
3	25	1183.9365915521576	4	40	10	right	right	1	32	15.579	2054
3	26	859.3527215246525	4	40	10	right	right	1	22	15.771	1395
3	27	364.97536495451027	4	40	10	left	left	1	12	15.564	771
3	28	298.1027169249711	4	40	10	right	left	0	25	15.499	1613
3	29	341.5778384870278	4	40	10	right	right	1	24	15.414	1557
3	30	365.7901070756959	4	40	10	right	right	1	28	15.234	1838
3	31	281.368442137545	4	40	10	right	right	1	24	15.584	1540
3	32	424.47772929345194	4	40	10	left	right	0	19	15.261	1245
3	33	535.3219997247531	4	40	10	left	left	1	13	16.311	797
3	34	3024.391100926606	4	40	10	right	left	0	29	15.303	1895
3	35	1172.2168034175493	4	40	10	left	left	1	21	15.719	1336
3	36	497.41224867462216	4	40	10	right	right	1	14	16.018	874
3	37	1029.4912888477409	4	40	10	left	left	1	18	15.557	1157
3	38	1985.2478417605948	4	40	10	right	right	1	11	15.214	723
3	39	1132.1492726381143	4	40	10	right	left	0	20	15.564	1285
3	40	691.3441237203913	4	40	10	left	left	1	9	16.514	545
4	1	547.9894862030283	4	40	10	right	left	0	26	15.348	1694
4	2	208.77688392714558	4	40	10	right	right	1	11	15.342	717
4	3	456.7415375880839	4	40	10	right	right	1	40	15.157	2639
4	4	703.1915759651605	4	40	10	left	right	0	25	15.654	1597
4	5	784.9550722511816	4	40	10	left	left	1	11	15.257	721
4	6	314.2720573103171	4	40	10	right	left	0	27	15.323	1762
4	7	1629.7815494609356	4	40	10	left	right	0	22	15.548	1415
4	8	907.20300076086	4	40	10	right	right	1	52	15.303	3398
4	9	290.4736208595559	4	40	10	left	left	1	13	15.777	824
4	10	392.14208834671865	4	40	10	left	left	1	11	15.581	706
4	11	1983.3790489183266	4	40	10	left	right	0	17	15.843	1073
4	12	345.4581785103685	4	40	10	right	left	0	23	15.395	1494
4	13	2104.102470116191	4	40	10	left	right	0	52	15.143	3434
4	14	779.1119856750843	4	40	10	left	left	1	42	15.402	2727
4	15	279.81886290905294	4	40	10	right	left	0	45	15.39	2924
4	16	970.7561247456398	4	40	10	right	right	1	16	15.166	1055
4	17	269.15264441316566	4	40	10	right	right	1	13	15.682	829
4	18	313.01267911809924	4	40	10	left	left	1	37	15.378	2406
4	19	3066.669792583689	4	40	10	right	right	1	31	15.392	2014
4	20	444.48231939746876	4	40	10	left	right	0	12	16.349	734
4	21	670.565922973836	4	40	10	left	right	0	12	16.129	744
4	22	207.64742850691576	4	40	10	right	right	1	27	15.152	1782
4	23	1095.1802427282707	4	40	10	right	right	1	37	15.442	2396
4	24	2342.5400732018584	4	40	10	left	left	1	27	15.315	1763
4	25	511.2244156476865	4	40	10	left	left	1	10	15.385	650
4	26	2617.9200874229405	4	40	10	left	left	1	13	15.873	819
4	27	1328.446175824167	4	40	10	right	left	0	16	15.826	1011
4	28	892.897254982619	4	40	10	left	left	1	12	15.584	770
4	29	289.6416627742691	4	40	10	left	left	1	17	15.511	1096
4	30	813.4223803957643	4	40	10	left	left	1	32	15.187	2107
4	31	626.1052332686133	4	40	10	right	right	1	15	16.129	930
4	32	1577.5979403613073	4	40	10	right	left	0	12	16.304	736
4	33	2408.5152899697637	4	40	10	right	left	0	21	15.385	1365
4	34	1619.8112419054103	4	40	10	right	right	1	9	15.789	570
4	35	2754.0910120003227	4	40	10	right	right	1	13	15.644	831
4	36	302.2707135338849	4	40	10	left	left	1	10	15.504	645
4	37	744.9027370224304	4	40	10	right	right	1	21	15.825	1327
4	38	271.87112489720107	4	40	10	right	right	1	16	15.671	1021
4	39	680.9706330980446	4	40	10	left	left	1	21	15.885	1322
4	40	1367.143829682701	4	40	10	left	left	1	9	16.393	549
