
blkNum	trlNum	randomStimulusOnsetTime	coherentDots	numberofDots	percentCoherence	winningDirection	response	correct	eventCount	averageFrameRate	RT
1	1	252.92134673279744	4	40	10	left	left	1	126	15.221	8278
1	2	1335.945453370981	4	40	10	right	right	1	101	15.22	6636
1	3	846.0887682007439	4	40	10	right	right	1	32	15.489	2066
1	4	884.0560028708145	4	40	10	right	right	1	44	15.352	2866
1	5	912.4033245878637	4	40	10	right	right	1	51	15.292	3335
1	6	899.1145523816486	4	40	10	right	right	1	73	15.25	4787
1	7	1250.2013946651775	4	40	10	left	left	1	28	15.201	1842
1	8	479.14341926161574	4	40	10	right	right	1	25	15.281	1636
1	9	504.00744488612406	4	40	10	right	right	1	17	15.625	1088
1	10	484.9475521167461	4	40	10	left	left	1	35	15.152	2310
1	11	977.383394438855	4	40	10	right	right	1	17	15.138	1123
1	12	1003.780284505664	4	40	10	left	left	1	12	15.666	766
1	13	573.6708460501052	4	40	10	right	right	1	11	15.089	729
1	14	369.7006317044636	4	40	10	left	left	1	15	15.091	994
1	15	1382.8555486813413	4	40	10	right	right	1	14	15.504	903
1	16	1855.305056789974	4	40	10	left	left	1	24	15.514	1547
1	17	1705.0511458019898	4	40	10	left	left	1	22	15.692	1402
1	18	2516.9338199229437	4	40	10	left	left	1	37	15.114	2448
1	19	507.064828980388	4	40	10	right	right	1	14	15.521	902
1	20	351.6260659008104	4	40	10	left	left	1	37	15.378	2406
1	21	1544.3803648375658	4	40	10	left	left	1	27	15.118	1786
1	22	446.5407364073827	4	40	10	right	right	1	18	15.666	1149
1	23	3077.5332575550847	4	40	10	right	right	1	17	15.625	1088
1	24	1190.6075302892834	4	40	10	left	left	1	20	15.468	1293
1	25	732.3482052248139	4	40	10	right	right	1	25	15.356	1628
1	26	288.2105812300599	4	40	10	right	right	1	18	15.831	1137
1	27	445.0947517423042	4	40	10	right	right	1	13	15.873	819
1	28	475.2501398478284	4	40	10	left	left	1	12	15.873	756
1	29	1555.031978342819	4	40	10	right	right	1	18	15.358	1172
1	30	264.4934912046048	4	40	10	left	left	1	12	14.944	803
1	31	262.5069782796538	4	40	10	left	left	1	18	15.776	1141
1	32	693.1234571961836	4	40	10	left	right	0	13	16.149	805
1	33	203.06598908132972	4	40	10	left	left	1	35	15.291	2289
1	34	1841.241201810908	4	40	10	left	left	1	28	15.176	1845
1	35	307.8700491302368	4	40	10	left	left	1	19	15.46	1229
1	36	802.8858570181188	4	40	10	left	left	1	33	15.186	2173
1	37	452.46089416816653	4	40	10	right	right	1	12	14.907	805
1	38	456.38309678717604	4	40	10	left	left	1	13	15.276	851
1	39	324.7500581698989	4	40	10	right	right	1	11	15.827	695
1	40	1520.118987797445	4	40	10	right	right	1	18	15.915	1131
2	1	245.25090015815533	4	40	10	right	right	1	18	16.043	1122
2	2	303.12229290198985	4	40	10	left	left	1	31	15.431	2009
2	3	370.13880890038706	4	40	10	left	left	1	13	15.33	848
2	4	353.16522967563986	4	40	10	left	left	1	13	15.348	847
2	5	202.1943495792726	4	40	10	left	left	1	16	15.253	1049
2	6	1727.9662142450142	4	40	10	right	right	1	10	14.97	668
2	7	524.1790697056099	4	40	10	right	right	1	9	15.789	570
2	8	1965.6316862103876	4	40	10	right	right	1	11	15.515	709
2	9	288.56865537758204	4	40	10	left	left	1	11	15.559	707
2	10	648.8365889364737	4	40	10	right	right	1	10	16.051	623
2	11	1144.5620656200214	4	40	10	left	left	1	24	15.228	1576
2	12	643.1685597468604	4	40	10	left	left	1	48	15.253	3147
2	13	982.228382686611	4	40	10	left	left	1	11	14.925	737
2	14	1338.1850228929531	4	40	10	right	right	1	10	16.103	621
2	15	1183.8887979874284	4	40	10	right	right	1	10	15.015	666
2	16	241.4952282142417	4	40	10	right	right	1	27	15.589	1732
2	17	1216.723457816864	4	40	10	right	right	1	14	15.625	896
2	18	831.5498477518835	4	40	10	left	left	1	26	15.458	1682
2	19	280.8222438237103	4	40	10	left	left	1	29	15.508	1870
2	20	1085.211635211262	4	40	10	right	right	1	13	15.134	859
2	21	324.7438868431023	4	40	10	right	right	1	16	15.92	1005
2	22	3828.9736148122347	4	40	10	left	left	1	23	15.374	1496
2	23	583.4369012096913	4	40	10	left	left	1	40	15.175	2636
2	24	326.5390846397377	4	40	10	left	left	1	15	14.925	1005
2	25	648.522038371028	4	40	10	left	left	1	11	16.153	681
2	26	607.149208910265	4	40	10	right	right	1	17	15.274	1113
2	27	200.09745901346253	4	40	10	left	left	1	10	15.129	661
2	28	1465.06747183616	4	40	10	right	right	1	23	15.293	1504
2	29	374.663271932083	4	40	10	right	right	1	11	15.471	711
2	30	799.3966996570098	4	40	10	right	right	1	14	15.909	880
2	31	242.6575212530163	4	40	10	left	left	1	11	16.272	676
2	32	1803.977694472799	4	40	10	right	right	1	16	15.64	1023
2	33	789.1003493759713	4	40	10	left	left	1	11	15.827	695
2	34	841.2337757579992	4	40	10	left	left	1	27	15.35	1759
2	35	861.7401991974676	4	40	10	left	left	1	34	15.213	2235
2	36	686.6600854727228	4	40	10	left	left	1	12	15.19	790
2	37	356.191156321512	4	40	10	right	right	1	14	15.748	889
2	38	1199.7643725829352	4	40	10	right	right	1	11	15.048	731
2	39	1178.596543511453	4	40	10	right	right	1	10	14.948	669
2	40	822.952127822044	4	40	10	right	right	1	11	16.224	678
3	1	267.7484154358362	4	40	10	right	right	1	20	15.686	1275
3	2	297.1585797353165	4	40	10	right	right	1	14	15.419	908
3	3	310.86886958561837	4	40	10	left	left	1	15	15.512	967
3	4	453.8855731439247	4	40	10	left	right	0	7	16.548	423
3	5	2034.5688390065474	4	40	10	right	right	1	12	14.963	802
3	6	967.8252499883983	4	40	10	right	right	1	15	15.48	969
3	7	258.67779913319214	4	40	10	left	left	1	12	16.043	748
3	8	988.2894674023983	4	40	10	left	left	1	16	15.267	1048
3	9	401.2345572442664	4	40	10	left	left	1	22	15.805	1392
3	10	208.02680260412742	4	40	10	right	right	1	13	15.644	831
3	11	845.057459432675	4	40	10	left	left	1	12	15.979	751
3	12	283.2375631882266	4	40	10	left	left	1	18	15.254	1180
3	13	1309.5210972158647	4	40	10	left	left	1	13	16.129	806
3	14	1852.2072684757977	4	40	10	left	left	1	11	15.988	688
3	15	1060.05715719213	4	40	10	left	left	1	13	15.421	843
3	16	519.1741690951724	4	40	10	right	right	1	20	15.129	1322
3	17	1298.326307030296	4	40	10	right	right	1	20	15.385	1300
3	18	398.14406165107897	4	40	10	right	right	1	17	15.814	1075
3	19	851.3999506076581	4	40	10	left	left	1	22	15.737	1398
3	20	661.6280409847122	4	40	10	right	right	1	20	15.175	1318
3	21	781.868343361866	4	40	10	right	right	1	16	15.549	1029
3	22	1084.4364573951516	4	40	10	right	right	1	12	15.564	771
3	23	1259.5706894623438	4	40	10	right	right	1	11	16.369	672
3	24	1009.2239946660187	4	40	10	right	right	1	10	15.221	657
3	25	635.722258001206	4	40	10	right	right	1	10	14.993	667
3	26	1035.350279904998	4	40	10	left	left	1	17	15.455	1100
3	27	1333.10687729324	4	40	10	left	left	1	34	15.539	2188
3	28	484.86955008867443	4	40	10	left	left	1	23	15.416	1492
3	29	1244.1941607468672	4	40	10	right	right	1	11	15.11	728
3	30	658.0701378017359	4	40	10	right	right	1	18	15.241	1181
3	31	312.6336090066492	4	40	10	left	left	1	26	15.267	1703
3	32	2286.786175428034	4	40	10	left	left	1	24	15.365	1562
3	33	296.2680376580422	4	40	10	left	left	1	33	15.471	2133
3	34	411.0870001564514	4	40	10	right	right	1	26	15.187	1712
3	35	1126.2223055152926	4	40	10	left	left	1	23	15.457	1488
3	36	709.5067859946866	4	40	10	right	right	1	15	15.182	988
3	37	287.4267484470106	4	40	10	right	right	1	20	15.361	1302
3	38	1292.0881695326593	4	40	10	left	left	1	23	15.775	1458
3	39	1926.2079542112505	4	40	10	right	right	1	13	16.129	806
3	40	931.6045761496423	4	40	10	left	left	1	11	15.737	699
4	1	374.1220736456919	4	40	10	left	left	1	27	15.332	1761
4	2	444.72860168217903	4	40	10	left	right	0	12	15.152	792
4	3	386.16918520016753	4	40	10	left	left	1	18	15.345	1173
4	4	478.03245143651605	4	40	10	left	right	0	11	15.805	696
4	5	203.7041544340019	4	40	10	right	right	1	24	15.345	1564
4	6	530.1339332787976	4	40	10	right	right	1	18	15.139	1189
4	7	437.69956748918616	4	40	10	left	left	1	12	15.748	762
4	8	3293.4143636878634	4	40	10	right	right	1	15	15.707	955
4	9	758.9254556641497	4	40	10	right	right	1	56	15.414	3633
4	10	1135.1482903320447	4	40	10	right	right	1	21	15.162	1385
4	11	226.1570528116108	4	40	10	left	left	1	18	15.293	1177
4	12	231.35826101429504	4	40	10	right	right	1	26	15.578	1669
4	13	843.5072473353243	4	40	10	right	right	1	14	15.102	927
4	14	741.350067845423	4	40	10	left	left	1	12	15.019	799
4	15	617.2199963441749	4	40	10	left	left	1	49	15.37	3188
4	16	293.7579380571116	4	40	10	left	left	1	28	15.504	1806
4	17	1077.3522787552533	4	40	10	left	left	1	26	15.214	1709
4	18	317.71861778152777	4	40	10	left	left	1	24	15.161	1583
4	19	916.2435065391862	4	40	10	left	left	1	75	15.325	4894
4	20	2722.4717049257124	4	40	10	right	right	1	21	15.475	1357
4	21	223.75617352899354	4	40	10	left	left	1	46	15.447	2978
4	22	2678.0822029635233	4	40	10	right	right	1	30	15.617	1921
4	23	1308.5452004674971	4	40	10	right	right	1	19	15.237	1247
4	24	770.465286238881	4	40	10	right	right	1	22	15.406	1428
4	25	1102.5856338853218	4	40	10	left	left	1	13	15.663	830
4	26	1015.4832286116316	4	40	10	right	right	1	10	15.48	646
4	27	673.6025334469494	4	40	10	left	left	1	10	16.234	616
4	28	333.250761594592	4	40	10	right	right	1	11	15.193	724
4	29	250.93784999273387	4	40	10	right	right	1	20	15.42	1297
4	30	1506.987660750736	4	40	10	right	left	0	11	15.827	695
4	31	1893.009694488765	4	40	10	right	right	1	12	15.267	786
4	32	1203.9290817620615	4	40	10	left	left	1	23	15.488	1485
4	33	1266.1210847420955	4	40	10	right	right	1	11	16.035	686
4	34	510.5554673652135	4	40	10	right	right	1	11	15.714	700
4	35	504.06271485394455	4	40	10	left	left	1	28	15.127	1851
4	36	1195.4413639136805	4	40	10	left	left	1	29	15.344	1890
4	37	476.34772037334244	4	40	10	right	right	1	14	15.234	919
4	38	222.2430018898001	4	40	10	left	left	1	22	15.526	1417
4	39	1347.007731372183	4	40	10	left	left	1	50	15.404	3246
4	40	491.3503128336628	4	40	10	right	right	1	28	15.573	1798
