
blkNum	trlNum	randomStimulusOnsetTime	coherentDots	numberofDots	percentCoherence	winningDirection	response	correct	eventCount	averageFrameRate	RT
1	1	291.89148258733303	4	40	10	left	left	1	200	14.896	13426
1	2	228.33911759472895	4	40	10	right	left	0	104	15.02	6924
1	3	818.4799613215336	4	40	10	left	right	0	56	14.933	3750
1	4	689.2072382464212	4	40	10	right	left	0	46	15.162	3034
1	5	415.2398121334163	4	40	10	left	right	0	94	14.951	6287
1	6	790.9369975920869	4	40	10	right	right	1	39	15.228	2561
1	7	436.9297232285777	4	40	10	right	right	1	33	15.131	2181
1	8	453.9109243755277	4	40	10	right	right	1	78	15.035	5188
1	9	292.1493364687962	4	40	10	right	left	0	28	15.217	1840
1	10	914.9057314265052	4	40	10	right	right	1	54	14.938	3615
1	11	213.95803459320672	4	40	10	left	left	1	17	15.031	1131
1	12	1231.851882683916	4	40	10	left	right	0	28	15.444	1813
1	13	769.3242425732082	4	40	10	left	left	1	15	15.609	961
1	14	814.146254146023	4	40	10	right	left	0	13	15.33	848
1	15	1168.2338435973456	4	40	10	left	left	1	14	15.837	884
1	16	564.9476387554037	4	40	10	right	right	1	154	14.959	10295
1	17	1441.4030252239484	4	40	10	right	left	0	17	15.525	1095
1	18	543.399266773607	4	40	10	left	left	1	78	14.943	5220
1	19	1615.7744438718082	4	40	10	right	right	1	59	15.09	3910
1	20	483.33859789183924	4	40	10	left	right	0	85	14.928	5694
1	21	503.1352405965354	4	40	10	right	right	1	44	15.058	2922
1	22	249.37285079728994	4	40	10	right	left	0	56	15.025	3727
1	23	424.84941512206524	4	40	10	right	right	1	26	15.231	1707
1	24	907.9761667347291	4	40	10	right	left	0	47	15.069	3119
1	25	508.1841970691358	4	40	10	right	left	0	55	15.064	3651
1	26	489.0802068302002	4	40	10	left	right	0	23	15.509	1483
1	27	865.1568589850674	4	40	10	left	left	1	14	15.317	914
1	28	1681.0764749894443	4	40	10	right	right	1	33	14.98	2203
1	29	723.7287711788134	4	40	10	left	left	1	18	15.411	1168
1	30	1741.303348200043	4	40	10	left	left	1	25	15.069	1659
1	31	512.9816996219394	4	40	10	right	right	1	66	14.997	4401
1	32	563.7884748893428	4	40	10	left	left	1	22	15.581	1412
1	33	911.5522529104035	4	40	10	right	right	1	57	14.898	3826
1	34	291.5838196917823	4	40	10	left	left	1	68	14.994	4535
1	35	324.6263697043274	4	40	10	left	right	0	47	15.108	3111
1	36	912.4633045377221	4	40	10	left	left	1	33	15.271	2161
1	37	208.34732819007255	4	40	10	left	left	1	48	14.963	3208
1	38	299.89339088180463	4	40	10	left	left	1	32	15.311	2090
1	39	1245.3837085394648	4	40	10	left	left	1	61	14.907	4092
1	40	671.0373061869439	4	40	10	right	right	1	81	14.939	5422
2	1	491.9541878398092	4	40	10	left	right	0	27	15.067	1792
2	2	722.8760060496077	4	40	10	right	left	0	46	15.013	3064
2	3	1889.4823814162078	4	40	10	left	right	0	52	15.09	3446
2	4	614.7148056470102	4	40	10	left	right	0	65	15.039	4322
2	5	1770.1558025113798	4	40	10	left	right	0	35	15.009	2332
2	6	980.695388575454	4	40	10	right	left	0	40	15.198	2632
2	7	208.4009492876345	4	40	10	right	right	1	38	15.133	2511
2	8	2909.6873626181746	4	40	10	left	right	0	20	15.049	1329
2	9	225.55882298596885	4	40	10	right	right	1	25	14.997	1667
2	10	368.08276921060923	4	40	10	left	left	1	67	15.073	4445
2	11	852.1180216828964	4	40	10	left	left	1	69	15.02	4594
2	12	1324.394260915659	4	40	10	right	right	1	21	15.43	1361
2	13	767.0327273705032	4	40	10	right	left	0	39	15.264	2555
2	14	821.3767613141317	4	40	10	left	right	0	44	15.058	2922
2	15	602.6703175248231	4	40	10	left	right	0	18	15.203	1184
2	16	218.24436459411717	4	40	10	left	left	1	55	15.081	3647
2	17	331.92630292523575	4	40	10	right	right	1	77	14.983	5139
2	18	465.70687331341	4	40	10	right	left	0	23	15.467	1487
2	19	574.8502364338924	4	40	10	right	right	1	27	15.437	1749
2	20	453.4220322940271	4	40	10	right	right	1	24	15.306	1568
2	21	1000.7628428213463	4	40	10	left	left	1	36	15.044	2393
2	22	719.0384212443847	4	40	10	right	right	1	27	15.315	1763
2	23	2887.836454165021	4	40	10	right	right	1	26	15.187	1712
2	24	721.8814753336729	4	40	10	left	left	1	38	15.127	2512
2	25	1396.6691277849377	4	40	10	left	right	0	114	14.943	7629
2	26	1152.571368026322	4	40	10	left	left	1	24	15.454	1553
2	27	247.99921386238742	4	40	10	right	right	1	15	14.97	1002
2	28	329.1566955005321	4	40	10	right	left	0	94	15.028	6255
2	29	775.5612165457546	4	40	10	right	right	1	14	15.47	905
2	30	452.16500629825634	4	40	10	right	right	1	28	15.168	1846
2	31	1082.3937239723755	4	40	10	left	left	1	21	15.407	1363
2	32	1065.092590539806	4	40	10	right	right	1	16	15.826	1011
2	33	232.47422527483545	4	40	10	left	left	1	13	15.7	828
2	34	466.0851905276357	4	40	10	right	right	1	16	15.474	1034
2	35	988.678857758297	4	40	10	right	right	1	52	15.033	3459
2	36	554.082787050527	4	40	10	left	left	1	13	15.971	814
2	37	690.5374119063331	4	40	10	left	left	1	49	14.934	3281
2	38	240.3874117970429	4	40	10	left	left	1	45	15	3000
2	39	660.4963960205075	4	40	10	left	left	1	15	15.136	991
2	40	611.874585237482	4	40	10	right	right	1	18	15.013	1199
3	1	368.7896580347723	4	40	10	left	left	1	26	15.412	1687
3	2	364.9422788798636	4	40	10	left	left	1	87	14.964	5814
3	3	538.533451014508	4	40	10	left	right	0	40	15.032	2661
3	4	469.7116759825094	4	40	10	left	left	1	14	15.538	901
3	5	593.7302403683987	4	40	10	right	right	1	14	14.909	939
3	6	227.59973050405642	4	40	10	left	left	1	15	15.609	961
3	7	2119.1437367144017	4	40	10	left	right	0	30	15.337	1956
3	8	1285.699161049728	4	40	10	left	left	1	14	15.217	920
3	9	616.6229805118955	4	40	10	left	left	1	15	15.839	947
3	10	4136.161858446192	4	40	10	left	left	1	42	14.894	2820
3	11	348.3042608714131	4	40	10	left	right	0	35	14.9	2349
3	12	291.85005719959423	4	40	10	right	right	1	30	15.038	1995
3	13	2200.855655795276	4	40	10	left	left	1	30	15.175	1977
3	14	522.0979961937439	4	40	10	left	left	1	20	14.97	1336
3	15	557.3053293527313	4	40	10	left	left	1	39	14.943	2610
3	16	1240.162077484119	4	40	10	right	right	1	21	14.968	1403
3	17	308.73330737193737	4	40	10	right	right	1	28	14.909	1878
3	18	875.3891388197109	4	40	10	left	left	1	13	15.029	865
3	19	847.1171182798374	4	40	10	right	right	1	39	14.92	2614
3	20	2475.071181876715	4	40	10	right	right	1	23	15.457	1488
3	21	883.2831991311178	4	40	10	right	right	1	18	15.177	1186
3	22	545.382131707782	4	40	10	left	left	1	15	14.94	1004
3	23	2010.6860252180309	4	40	10	left	right	0	21	15.453	1359
3	24	585.6140073400165	4	40	10	right	right	1	18	15.598	1154
3	25	435.78632035883936	4	40	10	right	right	1	20	15.129	1322
3	26	763.4426939867604	4	40	10	right	right	1	23	15.344	1499
3	27	1802.4158251036197	4	40	10	right	right	1	25	14.961	1671
3	28	1165.637130953583	4	40	10	right	right	1	13	14.977	868
3	29	235.6276235110683	4	40	10	right	right	1	18	15.544	1158
3	30	1854.711670947005	4	40	10	left	left	1	28	15.242	1837
3	31	758.3911893041336	4	40	10	right	right	1	26	15.099	1722
3	32	519.6464401818878	4	40	10	right	right	1	12	15.038	798
3	33	2309.112440337327	4	40	10	right	right	1	27	15.254	1770
3	34	1871.50289846234	4	40	10	left	left	1	17	15.031	1131
3	35	899.1985190047819	4	40	10	left	left	1	43	15.216	2826
3	36	2296.4501017290318	4	40	10	right	right	1	15	14.925	1005
3	37	1228.599377209953	4	40	10	right	right	1	21	15.441	1360
3	38	473.962396890592	4	40	10	right	left	0	28	15.16	1847
3	39	424.18904742580673	4	40	10	left	left	1	15	15.707	955
3	40	357.39560418778194	4	40	10	right	right	1	11	15.625	704
4	1	331.1523273108454	4	40	10	right	right	1	17	15.044	1130
4	2	238.066258671061	4	40	10	right	right	1	15	15.496	968
4	3	1106.6883400509828	4	40	10	right	right	1	32	15.109	2118
4	4	936.2370810676559	4	40	10	left	left	1	16	15.764	1015
4	5	938.2602326872169	4	40	10	left	left	1	35	14.957	2340
4	6	754.4998418014698	4	40	10	left	left	1	33	15.11	2184
4	7	967.6392321075379	4	40	10	right	right	1	37	15.016	2464
4	8	457.9596806886118	4	40	10	left	left	1	71	14.957	4747
4	9	1068.1170201819207	4	40	10	right	right	1	24	15.414	1557
4	10	298.7317196118257	4	40	10	left	right	0	36	15.254	2360
4	11	284.61018259134556	4	40	10	right	right	1	23	15.102	1523
4	12	300.2235638710678	4	40	10	right	right	1	43	14.957	2875
4	13	1990.8817512888206	4	40	10	right	right	1	33	15.068	2190
4	14	635.7028632578103	4	40	10	right	left	0	27	14.909	1811
4	15	521.4670626857086	4	40	10	right	right	1	27	15.152	1782
4	16	1911.244872903396	4	40	10	right	right	1	41	14.991	2735
4	17	2324.1700163458054	4	40	10	right	left	0	15	15.075	995
4	18	1553.8095876503833	4	40	10	left	left	1	14	15.301	915
4	19	1980.5567213757547	4	40	10	left	left	1	42	15.059	2789
4	20	1996.9286601037359	4	40	10	left	left	1	19	15.397	1234
4	21	522.2855645252941	4	40	10	left	left	1	15	15.544	965
4	22	772.9583453348337	4	40	10	left	left	1	29	15.312	1894
4	23	1589.0148341576098	4	40	10	left	left	1	33	15.034	2195
4	24	622.8324076784228	4	40	10	right	left	0	30	15.252	1967
4	25	1376.1085321962594	4	40	10	left	left	1	30	15.182	1976
4	26	1585.002984337735	4	40	10	left	left	1	34	15.064	2257
4	27	480.51298909592504	4	40	10	right	left	0	78	14.971	5210
4	28	1223.4512283060353	4	40	10	right	right	1	28	15.393	1819
4	29	1114.2248081156645	4	40	10	left	left	1	42	15.032	2794
4	30	415.2859487786827	4	40	10	left	right	0	27	15.22	1774
4	31	593.3040226865401	4	40	10	right	left	0	85	14.91	5701
4	32	447.0078818033844	4	40	10	left	right	0	31	15.204	2039
4	33	869.9969568812131	4	40	10	right	right	1	78	14.986	5205
4	34	1731.5902839503399	4	40	10	left	left	1	32	15.37	2082
4	35	633.3087001321303	4	40	10	left	right	0	17	15.031	1131
4	36	257.878131801016	4	40	10	right	right	1	22	15.406	1428
4	37	3278.93461988341	4	40	10	left	right	0	52	15.064	3452
4	38	534.5284887496398	4	40	10	right	right	1	24	15.209	1578
4	39	899.3511092853489	4	40	10	right	right	1	53	14.938	3548
4	40	413.6505257547682	4	40	10	left	left	1	38	15.109	2515
