
blkNum	trlNum	randomStimulusOnsetTime	coherentDots	numberofDots	percentCoherence	winningDirection	response	correct	eventCount	averageFrameRate	RT
1	1	366.8510272710986	4	40	10	left	left	1	103	15.158	6795
1	2	624.8414023641242	4	40	10	right	right	1	97	15.159	6399
1	3	1016.6765390166487	4	40	10	right	right	1	21	15.284	1374
1	4	887.4812551812745	4	40	10	left	left	1	18	15.831	1137
1	5	1879.4306932978232	4	40	10	right	right	1	31	15.516	1998
1	6	303.29851831010717	4	40	10	left	left	1	27	15.689	1721
1	7	366.3032258504737	4	40	10	right	left	0	81	15.306	5292
1	8	270.8057947890986	4	40	10	left	left	1	19	15.273	1244
1	9	411.25557784993146	4	40	10	left	left	1	24	15.355	1563
1	10	368.4461950648097	4	40	10	left	left	1	71	15.282	4646
1	11	615.3606683642172	4	40	10	right	right	1	19	15.422	1232
1	12	383.4137924851362	4	40	10	right	right	1	23	15.562	1478
1	13	250.7746087053074	4	40	10	left	left	1	23	15.721	1463
1	14	2047.5428235194754	4	40	10	right	right	1	29	15.385	1885
1	15	825.7824060964017	4	40	10	right	left	0	24	15.514	1547
1	16	1073.7065291825493	4	40	10	left	left	1	18	15.901	1132
1	17	1996.764571927996	4	40	10	left	left	1	36	15.517	2320
1	18	397.45501595739483	4	40	10	right	left	0	125	15.251	8196
1	19	382.30537788759796	4	40	10	right	right	1	40	15.343	2607
1	20	518.7887790804918	4	40	10	left	left	1	16	15.166	1055
1	21	1847.1468080815232	4	40	10	right	right	1	44	15.493	2840
1	22	1003.4386168873913	4	40	10	left	left	1	13	16.373	794
1	23	1567.8541535744987	4	40	10	left	left	1	18	15.228	1182
1	24	2327.0421958781585	4	40	10	right	left	0	28	15.152	1848
1	25	675.7540760995391	4	40	10	right	right	1	23	15.242	1509
1	26	1001.2711138814866	4	40	10	right	left	0	17	15.247	1115
1	27	1273.3317620685464	4	40	10	right	right	1	32	15.187	2107
1	28	268.2348295668131	4	40	10	right	left	0	13	15.495	839
1	29	549.3296441603702	4	40	10	right	right	1	20	15.221	1314
1	30	1687.4798335494697	4	40	10	left	left	1	50	15.413	3244
1	31	1535.5436226934758	4	40	10	right	right	1	39	15.495	2517
1	32	309.7239968120034	4	40	10	left	left	1	31	15.562	1992
1	33	2950.364111813647	4	40	10	left	right	0	12	15.19	790
1	34	3531.324235480696	4	40	10	left	left	1	13	15.834	821
1	35	567.3764570635916	4	40	10	right	left	0	19	15.176	1252
1	36	426.0583776768789	4	40	10	right	left	0	88	15.246	5772
1	37	827.9306969197246	4	40	10	left	left	1	16	15.905	1006
1	38	724.5419496045664	4	40	10	left	left	1	23	15.818	1454
1	39	271.5568004836395	4	40	10	left	right	0	26	15.366	1692
1	40	1752.7974967938387	4	40	10	left	left	1	21	15.453	1359
2	1	1508.3220242809978	4	40	10	right	right	1	41	15.27	2685
2	2	371.953957588697	4	40	10	right	left	0	12	16.216	740
2	3	305.49549692847734	4	40	10	right	left	0	29	15.376	1886
2	4	266.5402231748188	4	40	10	left	left	1	23	15.732	1462
2	5	924.6859022909182	4	40	10	left	left	1	32	15.224	2102
2	6	751.5812154561947	4	40	10	right	right	1	23	15.551	1479
2	7	1606.8088688493813	4	40	10	left	left	1	55	15.257	3605
2	8	216.96516455250003	4	40	10	right	right	1	30	15.098	1987
2	9	476.02973383821757	4	40	10	right	right	1	23	15.488	1485
2	10	1006.2860468842408	4	40	10	left	left	1	95	15.256	6227
2	11	310.58897335761446	4	40	10	left	right	0	23	15.52	1482
2	12	2521.0615017223654	4	40	10	right	right	1	50	15.314	3265
2	13	514.9206170130399	4	40	10	right	left	0	33	15.214	2169
2	14	233.15072664272301	4	40	10	left	left	1	16	15.399	1039
2	15	407.0655122375292	4	40	10	left	right	0	74	15.327	4828
2	16	749.7877953114807	4	40	10	left	left	1	15	15.306	980
2	17	508.2613566555117	4	40	10	left	left	1	15	15.89	944
2	18	1494.6595448160895	4	40	10	left	left	1	72	15.152	4752
2	19	918.143321233337	4	40	10	right	right	1	95	15.171	6262
2	20	947.7610456653207	4	40	10	left	left	1	26	15.653	1661
2	21	2212.7012754761818	4	40	10	right	right	1	53	15.239	3478
2	22	293.10272926331504	4	40	10	left	left	1	46	15.287	3009
2	23	559.2205130955185	4	40	10	right	left	0	105	15.184	6915
2	24	1315.4475174068532	4	40	10	left	left	1	28	15.686	1785
2	25	689.3793866213405	4	40	10	left	left	1	20	15.221	1314
2	26	293.2896231049764	4	40	10	left	left	1	23	15.333	1500
2	27	794.4266434132686	4	40	10	right	left	0	58	15.397	3767
2	28	1304.6513783292019	4	40	10	left	left	1	45	15.167	2967
2	29	519.5152479378104	4	40	10	right	right	1	115	15.226	7553
2	30	465.38167101372034	4	40	10	right	right	1	74	15.311	4833
2	31	1085.376810531423	4	40	10	right	right	1	22	15.816	1391
2	32	332.0130820268607	4	40	10	left	right	0	43	15.194	2830
2	33	460.0302094320764	4	40	10	left	left	1	61	15.307	3985
2	34	1042.0629263314952	4	40	10	left	right	0	44	15.395	2858
2	35	736.5396835593937	4	40	10	right	right	1	110	15.274	7202
2	36	249.44713450295234	4	40	10	right	right	1	53	15.173	3493
2	37	536.6973995822127	4	40	10	left	right	0	58	15.324	3785
2	38	235.48080694326836	4	40	10	right	right	1	19	15.9	1195
2	39	901.9036169957384	4	40	10	right	right	1	49	15.251	3213
2	40	608.5085951893145	4	40	10	right	right	1	36	15.261	2359
3	1	362.5382175398262	4	40	10	left	left	1	29	15.409	1882
3	2	1596.9559090970147	4	40	10	left	right	0	66	15.169	4351
3	3	307.048456008042	4	40	10	right	right	1	41	15.379	2666
3	4	1079.7386926290956	4	40	10	left	left	1	16	15.733	1017
3	5	504.8499994801339	4	40	10	left	left	1	46	15.447	2978
3	6	682.3821615469344	4	40	10	left	left	1	21	15.419	1362
3	7	988.1412902177061	4	40	10	right	right	1	30	15.306	1960
3	8	360.36404941778943	4	40	10	right	right	1	32	15.333	2087
3	9	560.521615129144	4	40	10	right	right	1	17	15.843	1073
3	10	431.37001090007055	4	40	10	right	right	1	28	15.427	1815
3	11	1830.4922707526391	4	40	10	left	left	1	23	15.604	1474
3	12	1749.744279896966	4	40	10	left	left	1	29	15.442	1878
3	13	1204.651519168187	4	40	10	left	right	0	52	15.376	3382
3	14	690.8294224878523	4	40	10	right	left	0	33	15.392	2144
3	15	1003.2159380533714	4	40	10	left	left	1	28	15.276	1833
3	16	700.0805334518226	4	40	10	left	left	1	93	15.196	6120
3	17	535.0303429626097	4	40	10	right	right	1	41	15.46	2652
3	18	3801.1177865861378	4	40	10	right	right	1	25	15.319	1632
3	19	687.6273374743063	4	40	10	left	right	0	23	15.52	1482
3	20	312.148586150071	4	40	10	right	left	0	15	15.707	955
3	21	1289.3029526265675	4	40	10	right	right	1	38	15.36	2474
3	22	461.1995765803057	4	40	10	right	right	1	29	15.426	1880
3	23	719.1364980218528	4	40	10	left	left	1	51	15.413	3309
3	24	1787.1751215467393	4	40	10	right	right	1	27	15.634	1727
3	25	626.6726091286147	4	40	10	right	right	1	27	15.22	1774
3	26	264.8026559439089	4	40	10	right	right	1	37	15.214	2432
3	27	889.5897345875015	4	40	10	right	right	1	28	15.351	1824
3	28	1856.677100423593	4	40	10	left	left	1	36	15.261	2359
3	29	605.385704849502	4	40	10	left	right	0	62	15.245	4067
3	30	1038.7892350500867	4	40	10	left	left	1	19	15.781	1204
3	31	1549.8464278987524	4	40	10	left	right	0	17	15.247	1115
3	32	2143.1124250478942	4	40	10	right	right	1	18	15.491	1162
3	33	415.0160170336885	4	40	10	left	left	1	56	15.276	3666
3	34	621.9263348624957	4	40	10	right	right	1	45	15.187	2963
3	35	382.69453777702734	4	40	10	right	right	1	27	15.22	1774
3	36	280.0295107019148	4	40	10	right	right	1	30	15.536	1931
3	37	757.4541389213358	4	40	10	right	right	1	24	15.625	1536
3	38	948.232071237648	4	40	10	left	left	1	25	15.272	1637
3	39	688.0739167213164	4	40	10	left	left	1	106	15.173	6986
3	40	540.8119382803258	4	40	10	left	left	1	40	15.45	2589
4	1	532.0417142902254	4	40	10	left	left	1	89	15.3	5817
4	2	432.29890571532405	4	40	10	left	right	0	30	15.504	1935
4	3	383.34681645642365	4	40	10	right	right	1	39	15.379	2536
4	4	254.78178426204263	4	40	10	right	right	1	19	15.237	1247
4	5	307.2784861889606	4	40	10	right	right	1	37	15.176	2438
4	6	775.5912284700653	4	40	10	left	left	1	50	15.305	3267
4	7	643.7468859876531	4	40	10	right	right	1	20	15.886	1259
4	8	542.9367303855108	4	40	10	left	left	1	27	15.716	1718
4	9	1659.749613419983	4	40	10	left	right	0	80	15.241	5249
4	10	645.0709832618206	4	40	10	right	right	1	18	15.504	1161
4	11	1957.8546813986866	4	40	10	right	right	1	19	15.873	1197
4	12	957.0726826145307	4	40	10	right	right	1	13	15.796	823
4	13	4066.4655368802246	4	40	10	right	right	1	16	15.444	1036
4	14	2755.533181439837	4	40	10	left	right	0	28	15.521	1804
4	15	337.6598643172021	4	40	10	right	right	1	38	15.441	2461
4	16	1090.7976274786167	4	40	10	right	right	1	27	15.289	1766
4	17	1587.9112509585586	4	40	10	right	right	1	18	15.859	1135
4	18	1562.9688039075093	4	40	10	right	right	1	27	15.652	1725
4	19	2696.858380654916	4	40	10	right	left	0	23	15.488	1485
4	20	1786.1073045973328	4	40	10	right	right	1	18	15.177	1186
4	21	507.2104014815819	4	40	10	left	right	0	27	15.411	1752
4	22	306.397778596448	4	40	10	left	left	1	21	15.754	1333
4	23	386.9643945917895	4	40	10	right	left	0	48	15.18	3162
4	24	1288.1470439928019	4	40	10	left	left	1	63	15.366	4100
4	25	1738.1011200097632	4	40	10	right	right	1	33	15.25	2164
4	26	340.0924266516427	4	40	10	left	left	1	26	15.385	1690
4	27	3290.059078331579	4	40	10	right	right	1	89	15.276	5826
4	28	2775.0006830966745	4	40	10	left	left	1	74	15.299	4837
4	29	658.6662605337629	4	40	10	left	right	0	46	15.462	2975
4	30	310.7498762905534	4	40	10	left	left	1	45	15.296	2942
4	31	292.78800683264393	4	40	10	left	right	0	54	15.16	3562
4	32	3186.8783843730685	4	40	10	right	right	1	21	15.778	1331
4	33	530.6878994815199	4	40	10	left	left	1	51	15.156	3365
4	34	1450.3858424076418	4	40	10	right	right	1	52	15.191	3423
4	35	775.5208633703035	4	40	10	right	left	0	47	15.23	3086
4	36	1834.5010872959954	4	40	10	left	right	0	61	15.377	3967
4	37	895.9923414352409	4	40	10	left	left	1	50	15.202	3289
4	38	863.0263437165039	4	40	10	left	left	1	20	15.209	1315
4	39	960.9901203077926	4	40	10	left	right	0	20	15.221	1314
4	40	541.5364807946586	4	40	10	left	left	1	21	15.683	1339
