
blkNum	trlNum	randomStimulusOnsetTime	coherentDots	numberofDots	percentCoherence	winningDirection	response	correct	eventCount	averageFrameRate	RT
1	1	909.603328697527	4	40	10	right	right	1	32	15.282	2094
1	2	389.69346222436985	4	40	10	right	right	1	17	15.357	1107
1	3	331.87081918990344	4	40	10	right	right	1	48	15.296	3138
1	4	438.89075783062174	4	40	10	left	left	1	19	14.961	1270
1	5	349.8715161699631	4	40	10	right	right	1	16	15.166	1055
1	6	558.1972330251344	4	40	10	left	left	1	16	15.905	1006
1	7	593.4854993944507	4	40	10	left	left	1	13	15.854	820
1	8	808.6563338956211	4	40	10	left	left	1	24	15.404	1558
1	9	392.1883521951647	4	40	10	right	right	1	16	15.355	1042
1	10	2820.001285476809	4	40	10	left	left	1	27	15.42	1751
1	11	913.9551021298876	4	40	10	left	left	1	40	15.379	2601
1	12	285.4143673173478	4	40	10	right	right	1	16	15.224	1051
1	13	751.76018121241	4	40	10	left	left	1	23	15.272	1506
1	14	353.87443767383775	4	40	10	right	right	1	17	15.371	1106
1	15	735.271665812832	4	40	10	left	left	1	10	15.221	657
1	16	605.3301316170223	4	40	10	right	right	1	12	15.936	753
1	17	210.66672102842043	4	40	10	right	right	1	11	15.759	698
1	18	1444.9855867536764	4	40	10	left	left	1	10	15.528	644
1	19	658.6568148176073	4	40	10	left	left	1	20	15.152	1320
1	20	1017.5869551857078	4	40	10	left	left	1	15	15.974	939
1	21	1423.7917565690263	4	40	10	right	right	1	13	15.495	839
1	22	858.7134420906909	4	40	10	right	right	1	15	15.707	955
1	23	318.17446233633734	4	40	10	left	left	1	14	15.766	888
1	24	846.069700380037	4	40	10	right	right	1	23	15.242	1509
1	25	342.28900146864436	4	40	10	right	right	1	13	15.24	853
1	26	359.06603399938354	4	40	10	right	right	1	44	15.401	2857
1	27	997.8118628950916	4	40	10	left	left	1	12	15.267	786
1	28	444.0581380690751	4	40	10	right	right	1	10	15.129	661
1	29	459.5516198448124	4	40	10	left	left	1	12	15.524	773
1	30	386.3657691727186	4	40	10	left	left	1	25	15.499	1613
1	31	1464.000382883477	4	40	10	right	right	1	17	15.525	1095
1	32	314.228951348956	4	40	10	right	right	1	48	15.132	3172
1	33	799.4017918418618	4	40	10	left	left	1	14	15.402	909
1	34	1086.032992773576	4	40	10	left	left	1	16	15.549	1029
1	35	597.7693270669436	4	40	10	right	right	1	34	15.213	2235
1	36	1274.410639125885	4	40	10	left	left	1	14	15.267	917
1	37	2081.4578567258836	4	40	10	left	left	1	27	15.562	1735
1	38	494.55966063152084	4	40	10	right	right	1	22	15.614	1409
1	39	382.17657366946526	4	40	10	left	left	1	13	15.758	825
1	40	1800.4873515908935	4	40	10	right	right	1	9	15.203	592
2	1	283.75323844125796	4	40	10	left	left	1	25	15.216	1643
2	2	315.7754033313104	4	40	10	left	left	1	16	15.414	1038
2	3	1600.628450297505	4	40	10	left	left	1	12	15.873	756
2	4	1079.736964208814	4	40	10	left	left	1	13	15.644	831
2	5	320.67870532486637	4	40	10	left	left	1	16	15.399	1039
2	6	323.32636740991387	4	40	10	left	left	1	20	15.564	1285
2	7	1742.9800246179323	4	40	10	left	left	1	13	16.189	803
2	8	1902.628534099653	4	40	10	right	right	1	14	15.301	915
2	9	381.1183030462432	4	40	10	left	left	1	16	15.671	1021
2	10	468.08550002576953	4	40	10	left	right	0	11	15.805	696
2	11	220.2868377471509	4	40	10	right	right	1	13	15.348	847
2	12	1370.0194160954982	4	40	10	left	left	1	11	15.406	714
2	13	313.6282383898696	4	40	10	left	left	1	11	15.805	696
2	14	211.9688634515863	4	40	10	right	right	1	13	15.294	850
2	15	339.67633253762176	4	40	10	right	right	1	14	15.801	886
2	16	399.0160486636438	4	40	10	left	left	1	13	15.644	831
2	17	376.30513182896493	4	40	10	left	left	1	10	15.198	658
2	18	500.68787029691725	4	40	10	right	right	1	15	16.077	933
2	19	217.93148501434658	4	40	10	left	left	1	11	15.692	701
2	20	1739.8974396366011	4	40	10	right	right	1	19	15.587	1219
2	21	1496.2799060085747	4	40	10	left	left	1	14	16.185	865
2	22	988.7574394869879	4	40	10	left	left	1	22	15.57	1413
2	23	332.0289103825307	4	40	10	right	right	1	13	15.046	864
2	24	639.6076597649414	4	40	10	right	right	1	10	16.077	622
2	25	1007.6756088650094	4	40	10	right	right	1	12	15.915	754
2	26	319.0357755630871	4	40	10	right	left	0	11	15.406	714
2	27	221.25033032945805	4	40	10	left	left	1	14	15.184	922
2	28	2399.645947028242	4	40	10	left	left	1	15	16.009	937
2	29	236.3477248319092	4	40	10	right	right	1	10	15.773	634
2	30	834.1079045616901	4	40	10	left	left	1	11	15.089	729
2	31	489.1363751054182	4	40	10	right	right	1	16	15.414	1038
2	32	1761.3638657204351	4	40	10	right	right	1	12	16.238	739
2	33	675.7680942824047	4	40	10	right	right	1	10	16.34	612
2	34	877.6978793670601	4	40	10	right	right	1	21	15.273	1375
2	35	1024.8562976033982	4	40	10	right	right	1	15	15.385	975
2	36	541.5311924307878	4	40	10	right	right	1	13	15.081	862
2	37	1246.8831242474405	4	40	10	right	right	1	12	15.094	795
2	38	1823.4206640085306	4	40	10	left	left	1	16	16.048	997
2	39	533.8411599682656	4	40	10	right	right	1	13	15.815	822
2	40	736.6794039342388	4	40	10	right	right	1	18	15.491	1162
3	1	1141.0460626919973	4	40	10	left	left	1	17	15.668	1085
3	2	434.4141624836281	4	40	10	left	left	1	13	15.258	852
3	3	207.23438290966772	4	40	10	right	right	1	13	16.291	798
3	4	220.7796210055563	4	40	10	left	left	1	12	16.043	748
3	5	502.3926508895858	4	40	10	right	right	1	11	16.418	670
3	6	394.06839294181515	4	40	10	left	left	1	12	15.484	775
3	7	393.68958141250243	4	40	10	left	left	1	9	15.152	594
3	8	463.6926126420891	4	40	10	right	right	1	10	15.337	652
3	9	745.5809091314876	4	40	10	right	right	1	28	15.242	1837
3	10	425.2331006161123	4	40	10	left	left	1	12	15.873	756
3	11	607.3302070962181	4	40	10	left	left	1	12	15.894	755
3	12	727.4580781696025	4	40	10	left	left	1	11	15.449	712
3	13	287.8348805757938	4	40	10	left	left	1	11	15.515	709
3	14	688.6131570562557	4	40	10	left	left	1	10	15.625	640
3	15	1440.1407652177745	4	40	10	right	right	1	17	15.962	1065
3	16	2660.780580130282	4	40	10	left	left	1	13	15.421	843
3	17	670.4584101007351	4	40	10	left	left	1	10	15.699	637
3	18	380.9533231638079	4	40	10	right	right	1	11	16.517	666
3	19	363.43860385450796	4	40	10	left	left	1	14	15.608	897
3	20	448.85949240137995	4	40	10	right	right	1	10	15.974	626
3	21	359.34913699406775	4	40	10	left	left	1	12	16.021	749
3	22	623.1917201450498	4	40	10	left	left	1	9	15.437	583
3	23	1189.505342865049	4	40	10	left	left	1	11	15.988	688
3	24	920.4721191161266	4	40	10	right	right	1	13	15.24	853
3	25	655.9460571355675	4	40	10	right	left	0	11	15.257	721
3	26	2025.3994707000381	4	40	10	right	right	1	15	15.448	971
3	27	961.0441065556828	4	40	10	right	right	1	22	15.428	1426
3	28	1229.7928373177394	4	40	10	left	left	1	20	15.576	1284
3	29	468.78935629717097	4	40	10	right	right	1	12	15.326	783
3	30	2152.787235706682	4	40	10	right	right	1	59	15.238	3872
3	31	248.24424359630552	4	40	10	right	right	1	27	15.169	1780
3	32	741.7990129969105	4	40	10	right	right	1	29	15.32	1893
3	33	1013.6426508588527	4	40	10	left	left	1	19	15.86	1198
3	34	2417.3022080437536	4	40	10	left	left	1	12	15.852	757
3	35	571.8238413107754	4	40	10	right	right	1	11	15.172	725
3	36	690.3024386441302	4	40	10	left	left	1	15	15.576	963
3	37	482.8921098617187	4	40	10	right	right	1	11	16.105	683
3	38	513.8975941120308	4	40	10	right	right	1	12	15.915	754
3	39	443.36689410318957	4	40	10	right	right	1	11	15.965	689
3	40	292.5796289498796	4	40	10	right	right	1	13	16.209	802
4	1	479.1532057053701	4	40	10	right	right	1	12	15.113	794
4	2	690.0505839885294	4	40	10	right	right	1	17	15.843	1073
4	3	1015.8891708180879	4	40	10	right	right	1	14	15.982	876
4	4	1516.2440243557592	4	40	10	left	left	1	15	15.674	957
4	5	2070.9497817298807	4	40	10	right	right	1	11	15.581	706
4	6	848.5792193318046	4	40	10	right	right	1	12	16	750
4	7	801.7277908491451	4	40	10	right	right	1	11	15.493	710
4	8	1180.0930978448766	4	40	10	left	left	1	16	15.238	1050
4	9	2487.823154639312	4	40	10	right	right	1	11	15.827	695
4	10	769.2797498827115	4	40	10	right	right	1	28	15.634	1791
4	11	2863.059147601047	4	40	10	left	right	0	11	15.873	693
4	12	1731.097733617556	4	40	10	right	right	1	15	15.658	958
4	13	1233.0617220415515	4	40	10	right	right	1	17	15.371	1106
4	14	290.7250992357613	4	40	10	left	left	1	17	15.568	1092
4	15	1435.9512016146032	4	40	10	left	left	1	13	16.27	799
4	16	1059.062337826661	4	40	10	right	right	1	20	15.699	1274
4	17	568.9860694654568	4	40	10	right	right	1	20	15.444	1295
4	18	449.8084387456852	4	40	10	left	left	1	12	16	750
4	19	821.2626919232785	4	40	10	right	right	1	16	15.984	1001
4	20	300.3448743669782	4	40	10	right	right	1	19	15.347	1238
4	21	2857.477960721649	4	40	10	left	left	1	12	15.524	773
4	22	438.544460255736	4	40	10	right	right	1	10	15.175	659
4	23	691.2986580834798	4	40	10	left	left	1	11	16.418	670
4	24	722.0276794599823	4	40	10	left	left	1	11	15.068	730
4	25	239.36637680747953	4	40	10	left	left	1	12	16	750
4	26	345.54842552813136	4	40	10	left	left	1	12	16.043	748
4	27	278.9294284287057	4	40	10	left	left	1	10	15.823	632
4	28	1063.6708266211074	4	40	10	right	right	1	12	15.094	795
4	29	363.5727306613453	4	40	10	right	right	1	19	15.523	1224
4	30	377.8203205135536	4	40	10	right	right	1	17	15.582	1091
4	31	527.5944613330803	4	40	10	left	left	1	10	15.175	659
4	32	2625.7784498772544	4	40	10	left	left	1	12	15.873	756
4	33	255.10772154459423	4	40	10	left	left	1	13	15.476	840
4	34	601.0789639777706	4	40	10	left	left	1	11	15.449	712
4	35	339.5480312698062	4	40	10	left	left	1	10	15.152	660
4	36	1846.5781933146236	4	40	10	right	right	1	11	15.85	694
4	37	2733.465669934562	4	40	10	left	left	1	16	15.414	1038
4	38	983.8312216989846	4	40	10	left	left	1	18	15.228	1182
4	39	855.7039258212006	4	40	10	left	left	1	11	16.035	686
4	40	290.7393594216415	4	40	10	right	right	1	14	16.037	873
