
blkNum	trlNum	randomStimulusOnsetTime	coherentDots	numberofDots	percentCoherence	winningDirection	response	correct	eventCount	averageFrameRate	RT
1	1	1552.6608283077271	4	40	10	right	left	0	128	15.244	8397
1	2	825.4193045377797	4	40	10	left	right	0	131	15.257	8586
1	3	1879.0360403916538	4	40	10	right	right	1	97	15.216	6375
1	4	1763.3336881457474	4	40	10	right	left	0	60	15.155	3959
1	5	828.0591734370586	4	40	10	right	right	1	36	15.241	2362
1	6	1062.9727831399282	4	40	10	left	left	1	21	15.695	1338
1	7	1257.651145518916	4	40	10	right	right	1	30	15.584	1925
1	8	1250.715328525112	4	40	10	right	left	0	31	15.263	2031
1	9	781.9728673255189	4	40	10	right	right	1	24	15.666	1532
1	10	2022.1320448701506	4	40	10	right	left	0	28	15.53	1803
1	11	230.08843025692204	4	40	10	left	right	0	19	15.212	1249
1	12	822.9771778042947	4	40	10	left	right	0	82	15.174	5404
1	13	244.46480189860023	4	40	10	right	right	1	97	15.264	6355
1	14	299.9708529445878	4	40	10	left	left	1	20	15.48	1292
1	15	239.36293313386813	4	40	10	right	right	1	20	15.267	1310
1	16	814.0388127536323	4	40	10	right	right	1	34	15.455	2200
1	17	361.4493875272524	4	40	10	left	left	1	58	15.191	3818
1	18	537.8675060239007	4	40	10	left	right	0	22	15.331	1435
1	19	514.5127689700557	4	40	10	left	right	0	71	15.262	4652
1	20	400.0763658793669	4	40	10	left	left	1	108	15.205	7103
1	21	1319.162362303947	4	40	10	right	right	1	16	15.282	1047
1	22	359.2616428767578	4	40	10	left	left	1	19	15.472	1228
1	23	653.2394711646086	4	40	10	right	right	1	15	16.009	937
1	24	1293.9577335154622	4	40	10	left	left	1	19	15.574	1220
1	25	219.6408585276385	4	40	10	left	right	0	19	15.139	1255
1	26	231.6513380233908	4	40	10	left	left	1	13	15.644	831
1	27	1092.639490080873	4	40	10	left	right	0	13	15.276	851
1	28	1568.981538233906	4	40	10	right	left	0	42	15.492	2711
1	29	257.7212881156802	4	40	10	right	right	1	55	15.389	3574
1	30	1689.029806468574	4	40	10	right	right	1	48	15.219	3154
1	31	622.7985090303669	4	40	10	right	right	1	46	15.313	3004
1	32	238.68595220775512	4	40	10	left	left	1	19	15.728	1208
1	33	716.1101236864181	4	40	10	right	right	1	15	15.674	957
1	34	398.19123386357774	4	40	10	left	left	1	20	15.674	1276
1	35	2426.67232324208	4	40	10	left	left	1	39	15.27	2554
1	36	213.62535964459477	4	40	10	right	right	1	12	16.26	738
1	37	218.90241083654035	4	40	10	left	left	1	9	15.177	593
1	38	1200.6616503420528	4	40	10	left	right	0	19	15.498	1226
1	39	1680.5741966855203	4	40	10	right	right	1	45	15.459	2911
1	40	898.6699928007655	4	40	10	left	left	1	56	15.351	3648
2	1	1027.6960945131486	4	40	10	right	left	0	32	15.318	2089
2	2	1373.2815342481542	4	40	10	right	right	1	23	15.678	1467
2	3	430.742091267143	4	40	10	left	left	1	23	15.202	1513
2	4	807.3301071946701	4	40	10	left	right	0	16	15.779	1014
2	5	485.54375334867404	4	40	10	right	left	0	27	15.306	1764
2	6	203.38728438975477	4	40	10	right	right	1	17	15.329	1109
2	7	620.9550828084123	4	40	10	right	right	1	34	15.441	2202
2	8	239.38221232976832	4	40	10	left	left	1	18	15.345	1173
2	9	433.92422432957994	4	40	10	left	right	0	15	15.593	962
2	10	899.596741497284	4	40	10	right	right	1	84	15.173	5536
2	11	272.50396804242274	4	40	10	right	left	0	36	15.497	2323
2	12	872.2040803875391	4	40	10	right	right	1	13	15.495	839
2	13	1178.0893460600223	4	40	10	left	left	1	44	15.433	2851
2	14	668.4464396658406	4	40	10	right	right	1	13	16.129	806
2	15	969.3911321178916	4	40	10	left	left	1	17	15.26	1114
2	16	373.6106850813863	4	40	10	left	right	0	15	15.94	941
2	17	340.57138567092784	4	40	10	left	left	1	17	15.206	1118
2	18	825.4244946344196	4	40	10	right	right	1	13	16.03	811
2	19	694.8128138533623	4	40	10	left	left	1	18	15.693	1147
2	20	1280.5184160493984	4	40	10	left	right	0	23	15.786	1457
2	21	679.5801196606865	4	40	10	right	right	1	60	15.228	3940
2	22	491.4773234322482	4	40	10	left	left	1	32	15.534	2060
2	23	710.1232224164864	4	40	10	right	right	1	23	15.457	1488
2	24	1616.097949004168	4	40	10	left	right	0	76	15.316	4962
2	25	449.5683886735029	4	40	10	left	left	1	12	15.228	788
2	26	785.9506412207412	4	40	10	right	right	1	11	15.896	692
2	27	223.752404654381	4	40	10	right	left	0	11	15.782	697
2	28	708.4384796923791	4	40	10	right	right	1	18	15.734	1144
2	29	1202.973067865306	4	40	10	right	left	0	32	15.362	2083
2	30	713.4964878375828	4	40	10	left	right	0	12	16.194	741
2	31	1347.6559865633774	4	40	10	left	left	1	19	15.447	1230
2	32	204.17651842283968	4	40	10	left	left	1	27	15.491	1743
2	33	2117.267767955441	4	40	10	left	left	1	25	15.366	1627
2	34	571.695414596053	4	40	10	left	right	0	13	15.777	824
2	35	240.38532881359174	4	40	10	right	right	1	27	15.544	1737
2	36	229.3039603193286	4	40	10	left	right	0	83	15.193	5463
2	37	1547.7164709102012	4	40	10	right	left	0	15	15.152	990
2	38	324.89183966140536	4	40	10	right	right	1	11	15.827	695
2	39	442.61553314250864	4	40	10	left	right	0	35	15.569	2248
2	40	1606.2561606571728	4	40	10	right	right	1	26	15.485	1679
3	1	587.8831071096815	4	40	10	right	right	1	36	15.424	2334
3	2	579.9759374903855	4	40	10	left	left	1	20	15.785	1267
3	3	2093.047572438797	4	40	10	left	right	0	44	15.352	2866
3	4	354.76582298131314	4	40	10	right	right	1	34	15.378	2211
3	5	292.42049056376146	4	40	10	right	left	0	18	15.776	1141
3	6	267.36513581754133	4	40	10	left	right	0	52	15.326	3393
3	7	4894.303716569054	4	40	10	left	right	0	20	15.396	1299
3	8	808.9163872067096	4	40	10	left	left	1	23	15.657	1469
3	9	543.5245522583796	4	40	10	right	right	1	14	15.351	912
3	10	640.6504295965713	4	40	10	left	left	1	33	15.486	2131
3	11	1319.0145732960564	4	40	10	left	right	0	30	15.283	1963
3	12	604.4835916541491	4	40	10	left	left	1	20	15.221	1314
3	13	890.6638861004071	4	40	10	right	right	1	27	15.211	1775
3	14	1613.4161671997113	4	40	10	left	left	1	16	15.733	1017
3	15	2571.342554790524	4	40	10	left	right	0	18	15.319	1175
3	16	395.5616713919579	4	40	10	left	right	0	78	15.211	5128
3	17	745.6584199823977	4	40	10	left	left	1	18	15.216	1183
3	18	491.01052338970123	4	40	10	right	right	1	13	16.01	812
3	19	454.2920528986082	4	40	10	right	left	0	29	15.642	1854
3	20	809.3201626534257	4	40	10	right	right	1	9	16.1	559
3	21	296.619979289318	4	40	10	left	left	1	6	15.267	393
3	22	433.3141075888969	4	40	10	right	right	1	31	15.331	2022
3	23	344.2366886143352	4	40	10	right	left	0	21	15.602	1346
3	24	1596.6184102971729	4	40	10	right	right	1	24	15.615	1537
3	25	673.7561260399327	4	40	10	left	right	0	11	15.965	689
3	26	1240.4169656249635	4	40	10	right	right	1	13	15.569	835
3	27	400.7077153456399	4	40	10	right	left	0	14	16.129	868
3	28	580.8468624136841	4	40	10	left	right	0	11	16.296	675
3	29	1216.008800334332	4	40	10	right	right	1	20	15.291	1308
3	30	1446.8875434883325	4	40	10	left	left	1	38	15.188	2502
3	31	826.816528447123	4	40	10	left	left	1	71	15.322	4634
3	32	349.8168766752866	4	40	10	left	left	1	55	15.193	3620
3	33	1208.2732528432082	4	40	10	left	left	1	31	15.233	2035
3	34	1777.392975653231	4	40	10	left	left	1	22	15.141	1453
3	35	1049.780562006531	4	40	10	right	left	0	27	15.411	1752
3	36	424.29971841621233	4	40	10	right	right	1	37	15.533	2382
3	37	1019.0434919833372	4	40	10	right	left	0	66	15.186	4346
3	38	1666.4367308289418	4	40	10	right	right	1	17	15.399	1104
3	39	319.63175207490883	4	40	10	right	left	0	69	15.262	4521
3	40	581.3780776399552	4	40	10	right	left	0	75	15.281	4908
4	1	515.2161952710851	4	40	10	right	right	1	37	15.158	2441
4	2	200.64354414862927	4	40	10	right	left	0	16	15.686	1020
4	3	1001.4475698646123	4	40	10	right	right	1	27	15.35	1759
4	4	320.8708891230476	4	40	10	left	left	1	24	15.738	1525
4	5	1119.1373473649555	4	40	10	left	left	1	30	15.306	1960
4	6	677.6413618501924	4	40	10	right	right	1	14	15.873	882
4	7	374.05821749880323	4	40	10	left	right	0	28	15.152	1848
4	8	758.191841911329	4	40	10	left	left	1	13	16.189	803
4	9	222.8350937515035	4	40	10	right	right	1	14	15.402	909
4	10	1391.3134267468172	4	40	10	left	left	1	12	15.287	785
4	11	839.5886093210003	4	40	10	right	right	1	9	15.598	577
4	12	851.4199310698392	4	40	10	right	right	1	20	15.588	1283
4	13	1024.9861940787282	4	40	10	left	right	0	10	15.432	648
4	14	212.41367494673193	4	40	10	left	left	1	14	15.201	921
4	15	411.861265313263	4	40	10	right	right	1	9	16.605	542
4	16	764.0980072396395	4	40	10	right	right	1	32	15.407	2077
4	17	1804.3820974336184	4	40	10	right	left	0	12	16	750
4	18	885.4977550296458	4	40	10	left	right	0	14	15.945	878
4	19	1273.592079614025	4	40	10	right	right	1	13	15.912	817
4	20	445.68298445774053	4	40	10	left	left	1	13	15.532	837
4	21	692.8130393835315	4	40	10	right	right	1	15	15.974	939
4	22	326.4750110071997	4	40	10	right	left	0	10	16.129	620
4	23	377.54795356711406	4	40	10	left	left	1	19	15.69	1211
4	24	440.11976020074667	4	40	10	right	right	1	16	15.166	1055
4	25	1043.3753815295718	4	40	10	left	left	1	10	15.625	640
4	26	369.2251025688263	4	40	10	right	right	1	14	15.301	915
4	27	499.9621723087422	4	40	10	right	left	0	15	15.658	958
4	28	743.7468554283016	4	40	10	left	right	0	10	15.723	636
4	29	403.22401932192076	4	40	10	right	right	1	26	15.357	1693
4	30	431.2470848599126	4	40	10	left	left	1	12	15.385	780
4	31	451.73300113607263	4	40	10	left	left	1	16	15.37	1041
4	32	432.2178023023869	4	40	10	left	left	1	20	15.291	1308
4	33	1092.1743392937656	4	40	10	right	right	1	39	15.152	2574
4	34	619.3947813907931	4	40	10	left	left	1	11	16.296	675
4	35	355.02466162837305	4	40	10	right	right	1	11	15.214	723
4	36	331.17762510306295	4	40	10	left	left	1	10	15.723	636
4	37	1491.2820088127457	4	40	10	left	left	1	16	15.92	1005
4	38	243.5772975966858	4	40	10	left	left	1	15	15.789	950
4	39	931.4803464712751	4	40	10	left	left	1	12	16.173	742
4	40	867.5211477468686	4	40	10	right	right	1	11	16.345	673
