
blkNum	trlNum	randomStimulusOnsetTime	coherentDots	numberofDots	percentCoherence	winningDirection	response	correct	eventCount	averageFrameRate	RT
1	1	362.59336469954405	4	40	10	left	left	1	34	14.925	2278
1	2	727.1078750063022	4	40	10	left	left	1	12	16.107	745
1	3	369.55438465058603	4	40	10	right	right	1	11	16.345	673
1	4	420.554323531517	4	40	10	right	right	1	11	14.946	736
1	5	406.81992828572845	4	40	10	left	left	1	9	15.679	574
1	6	652.5962502033008	4	40	10	left	left	1	9	15.845	568
1	7	1187.53833660361	4	40	10	right	right	1	9	15.126	595
1	8	245.60687230513147	4	40	10	right	right	1	11	16.272	676
1	9	2405.5893102393106	4	40	10	left	left	1	9	14.975	601
1	10	221.4816625804532	4	40	10	right	right	1	11	15.692	701
1	11	824.2516360624878	4	40	10	right	left	0	7	15.73	445
1	12	738.5392623574593	4	40	10	left	left	1	9	16.216	555
1	13	1690.376244158893	4	40	10	left	left	1	8	15.066	531
1	14	674.8003194304251	4	40	10	left	left	1	8	16.327	490
1	15	481.4806205227512	4	40	10	left	left	1	8	16.129	496
1	16	1254.5905289731318	4	40	10	left	left	1	7	15.556	450
1	17	1116.3924377676394	4	40	10	left	left	1	6	15.345	391
1	18	558.9325043707788	4	40	10	right	left	0	7	16.949	413
1	19	837.7906901712614	4	40	10	right	right	1	30	15.228	1970
1	20	209.0802768267206	4	40	10	right	right	1	12	15.957	752
1	21	411.07528685574965	4	40	10	left	left	1	9	16.544	544
1	22	626.7086190606469	4	40	10	right	right	1	8	15.414	519
1	23	2671.787094756303	4	40	10	left	right	0	9	15.152	594
1	24	570.370195602206	4	40	10	right	right	1	14	15.487	904
1	25	210.79896238890998	4	40	10	right	right	1	11	15.692	701
1	26	251.16160877200196	4	40	10	right	right	1	10	15.175	659
1	27	569.1004338368862	4	40	10	left	right	0	8	16.36	489
1	28	555.2179795765064	4	40	10	left	left	1	12	15.038	798
1	29	635.2639018853597	4	40	10	left	left	1	8	16.097	497
1	30	557.9523423191756	4	40	10	right	left	0	8	17.094	468
1	31	536.4339014775437	4	40	10	left	left	1	10	15.528	644
1	32	476.4573151495541	4	40	10	left	right	0	15	14.851	1010
1	33	618.8953848285935	4	40	10	right	right	1	30	15.106	1986
1	34	822.8385092909276	4	40	10	right	right	1	23	15.232	1510
1	35	1659.5537122274627	4	40	10	left	left	1	11	15.131	727
1	36	1228.6020489356	4	40	10	right	right	1	10	15.038	665
1	37	2015.5027021663154	4	40	10	right	right	1	17	14.978	1135
1	38	2598.8324760534797	4	40	10	right	right	1	10	15.432	648
1	39	565.04049535239	4	40	10	left	left	1	13	15.834	821
1	40	481.5012954744476	4	40	10	right	right	1	12	15.564	771
2	1	1513.812496940742	4	40	10	left	left	1	14	15.504	903
2	2	454.8708366124546	4	40	10	left	right	0	11	15.965	689
2	3	1206.5979378416334	4	40	10	left	left	1	16	15.733	1017
2	4	234.56295878076503	4	40	10	right	right	1	13	15.606	833
2	5	519.225081626179	4	40	10	left	left	1	11	16.153	681
2	6	1636.459334496135	4	40	10	right	right	1	13	15.7	828
2	7	1417.9760736746011	4	40	10	right	right	1	12	15.831	758
2	8	972.4666093221983	4	40	10	right	left	0	10	16.313	613
2	9	487.5978224606976	4	40	10	left	left	1	20	15.175	1318
2	10	909.085572382464	4	40	10	left	left	1	13	14.977	868
2	11	1121.713545817965	4	40	10	right	right	1	18	15.216	1183
2	12	1254.6042405624457	4	40	10	right	left	0	8	15.625	512
2	13	1029.5936691074469	4	40	10	left	left	1	13	15.421	843
2	14	382.3395784288459	4	40	10	right	right	1	18	15	1200
2	15	300.25100660727134	4	40	10	right	right	1	65	15.155	4289
2	16	426.2695538959813	4	40	10	right	right	1	20	15.504	1290
2	17	228.87922052733057	4	40	10	left	left	1	10	15.015	666
2	18	203.59184614709903	4	40	10	left	left	1	16	15.385	1040
2	19	204.50690085181606	4	40	10	left	right	0	14	15.59	898
2	20	725.571969148542	4	40	10	right	right	1	12	16.043	748
2	21	204.80250809187507	4	40	10	right	right	1	18	15.639	1151
2	22	1599.83914494117	4	40	10	left	left	1	25	15.281	1636
2	23	2453.5998668349253	4	40	10	right	right	1	26	15.055	1727
2	24	1148.4237739463879	4	40	10	right	left	0	14	15.59	898
2	25	971.5284000802262	4	40	10	left	left	1	28	15.359	1823
2	26	1055.1721797185064	4	40	10	right	right	1	45	14.98	3004
2	27	301.1340071707059	4	40	10	left	left	1	31	15.408	2012
2	28	581.4976728130205	4	40	10	left	right	0	30	15.408	1947
2	29	1432.9329697647815	4	40	10	right	right	1	19	15.152	1254
2	30	1045.078216821835	4	40	10	left	left	1	20	15.408	1298
2	31	489.0016624592628	4	40	10	right	right	1	13	15.815	822
2	32	1438.1565993298354	4	40	10	left	left	1	12	14.888	806
2	33	823.4908575810273	4	40	10	right	right	1	11	15.988	688
2	34	799.6249601222253	4	40	10	left	left	1	28	15.284	1832
2	35	488.70762800726555	4	40	10	left	left	1	11	15.449	712
2	36	459.6651956011494	4	40	10	right	right	1	13	15.644	831
2	37	427.9555066906165	4	40	10	left	left	1	9	15.126	595
2	38	715.1564297434724	4	40	10	right	right	1	17	15.413	1103
2	39	3633.054800858492	4	40	10	right	right	1	13	16.149	805
2	40	843.4543908933098	4	40	10	left	left	1	10	15.873	630
3	1	683.7733906184061	4	40	10	left	left	1	14	15.168	923
3	2	749.7278146970675	4	40	10	left	left	1	9	16.071	560
3	3	408.94363562989366	4	40	10	right	right	1	11	16.105	683
3	4	503.0655618270494	4	40	10	left	left	1	10	16.393	610
3	5	528.237776749753	4	40	10	left	left	1	12	16.064	747
3	6	435.61943608316506	4	40	10	right	right	1	10	16.34	612
3	7	349.4363172139019	4	40	10	left	left	1	10	15.873	630
3	8	487.1925207874482	4	40	10	left	left	1	8	15.534	515
3	9	373.4059619632984	4	40	10	left	left	1	15	16.043	935
3	10	1311.8249385325582	4	40	10	right	right	1	12	15.852	757
3	11	1159.2521229883537	4	40	10	right	left	0	14	16	875
3	12	214.4510272113589	4	40	10	left	left	1	11	16.035	686
3	13	302.6537985829682	4	40	10	left	left	1	9	16.514	545
3	14	2004.3032212023763	4	40	10	left	left	1	40	15.279	2618
3	15	756.8961970711866	4	40	10	right	right	1	13	15.258	852
3	16	757.8796732929368	4	40	10	left	left	1	9	15.598	577
3	17	519.9042748580753	4	40	10	left	left	1	15	15.528	966
3	18	1190.1545723854454	4	40	10	right	right	1	11	15.537	708
3	19	612.7315597924656	4	40	10	left	left	1	9	15.544	579
3	20	253.88775076003293	4	40	10	left	left	1	9	15.652	575
3	21	888.375767453344	4	40	10	left	left	1	8	15.209	526
3	22	458.74956051824364	4	40	10	right	right	1	10	16.474	607
3	23	1525.7176858081057	4	40	10	right	left	0	9	15.254	590
3	24	283.7879535837146	4	40	10	left	left	1	16	15.429	1037
3	25	730.3848539941963	4	40	10	left	left	1	9	15.817	569
3	26	1243.5173018130256	4	40	10	left	left	1	14	16.092	870
3	27	611.08228163955	4	40	10	right	right	1	11	16.035	686
3	28	710.9041251403942	4	40	10	right	right	1	13	15.796	823
3	29	1047.7392430823288	4	40	10	right	left	0	9	16.129	558
3	30	1408.3598023186976	4	40	10	left	left	1	13	16.129	806
3	31	266.56252624657424	4	40	10	right	right	1	9	15.025	599
3	32	497.07701372404574	4	40	10	right	left	0	30	15.236	1969
3	33	547.3843638247643	4	40	10	right	right	1	18	15.845	1136
3	34	1411.2735507326825	4	40	10	right	right	1	16	15.519	1031
3	35	386.8658002298466	4	40	10	right	right	1	14	15.677	893
3	36	1354.2838308769824	4	40	10	right	right	1	12	15.584	770
3	37	1152.0034855260992	4	40	10	left	left	1	10	16.207	617
3	38	2029.3644752911418	4	40	10	right	right	1	10	16.367	611
3	39	939.5170361024313	4	40	10	right	right	1	12	15.584	770
3	40	638.1013801125252	4	40	10	right	right	1	9	15.152	594
4	1	1013.6687865282305	4	40	10	right	left	0	24	15	1600
4	2	684.9737114429495	4	40	10	left	left	1	9	15.075	597
4	3	326.9592646712023	4	40	10	right	right	1	11	15.515	709
4	4	1137.326366807495	4	40	10	right	right	1	12	15.915	754
4	5	928.5297633790896	4	40	10	left	left	1	9	16.453	547
4	6	590.8084423224375	4	40	10	left	left	1	8	16.293	491
4	7	1344.5587933035865	4	40	10	right	left	0	8	16.393	488
4	8	1132.4062160140784	4	40	10	left	left	1	9	16.605	542
4	9	494.2347877128531	4	40	10	left	left	1	13	15.012	866
4	10	767.2738807644328	4	40	10	right	right	1	10	16.155	619
4	11	676.2408371609499	4	40	10	left	left	1	9	15.385	585
4	12	2446.2833607116977	4	40	10	left	left	1	10	16.26	615
4	13	506.0933735844621	4	40	10	left	left	1	20	15.026	1331
4	14	2076.7430918167584	4	40	10	right	left	0	10	16.129	620
4	15	1581.3261758079855	4	40	10	left	left	1	18	15.652	1150
4	16	1233.8660207850264	4	40	10	right	left	0	11	16.176	680
4	17	952.0937748218025	4	40	10	right	right	1	79	15.131	5221
4	18	2166.7688039193126	4	40	10	right	right	1	19	15.237	1247
4	19	2734.9088651899538	4	40	10	right	right	1	39	15.211	2564
4	20	893.1415848808683	4	40	10	right	right	1	30	15.512	1934
4	21	307.67529607640734	4	40	10	right	right	1	11	15.089	729
4	22	1445.744210960041	4	40	10	left	left	1	11	15.428	713
4	23	2254.0153849277713	4	40	10	right	right	1	16	15.195	1053
4	24	1720.9925012026508	4	40	10	left	left	1	10	16.051	623
4	25	1061.2753518319396	4	40	10	left	left	1	12	16.107	745
4	26	602.3357699052115	4	40	10	right	right	1	12	15.979	751
4	27	484.84937131005887	4	40	10	left	left	1	11	15.759	698
4	28	465.80950342741846	4	40	10	left	left	1	11	15.449	712
4	29	2247.286962522172	4	40	10	right	left	0	9	14.925	603
4	30	1578.950111701358	4	40	10	left	left	1	11	15.737	699
4	31	2066.5923055052303	4	40	10	right	right	1	11	15.32	718
4	32	356.3221643936672	4	40	10	right	left	0	9	15.254	590
4	33	526.2860534392061	4	40	10	right	right	1	33	15.131	2181
4	34	249.44697286395447	4	40	10	left	left	1	17	15.098	1126
4	35	876.4877396406365	4	40	10	left	left	1	62	14.925	4154
4	36	2577.524955049452	4	40	10	right	right	1	43	15.093	2849
4	37	366.85282421679426	4	40	10	left	left	1	14	15.784	887
4	38	861.7180430292384	4	40	10	left	left	1	105	15.062	6971
4	39	1736.849203251013	4	40	10	left	left	1	20	15.516	1289
4	40	1512.3707280586607	4	40	10	right	right	1	26	15.357	1693
