
blkNum	trlNum	randomStimulusOnsetTime	coherentDots	numberofDots	percentCoherence	winningDirection	response	correct	eventCount	averageFrameRate	RT
1	1	2028.5208561656978	4	40	10	left	left	1	85	15.179	5600
1	2	883.5020515810178	4	40	10	left	left	1	110	15.166	7253
1	3	1969.6713125441458	4	40	10	left	left	1	86	15.184	5664
1	4	682.9778240197966	4	40	10	left	left	1	91	15.286	5953
1	5	322.80030466999494	4	40	10	right	right	1	221	15.154	14584
1	6	280.3092002190295	4	40	10	left	left	1	117	15.191	7702
1	7	1012.587605618285	4	40	10	left	left	1	138	15.17	9097
1	8	613.6491444067007	4	40	10	right	left	0	91	15.089	6031
1	9	416.1237772086442	4	40	10	right	left	0	136	15.226	8932
1	10	398.06372273738305	4	40	10	right	right	1	214	15.192	14086
1	11	578.365153185114	4	40	10	left	left	1	131	15.169	8636
1	12	744.0272468327704	4	40	10	right	left	0	207	15.173	13643
1	13	363.56460121097587	4	40	10	left	left	1	201	15.256	13175
1	14	2276.040172083067	4	40	10	right	left	0	88	15.307	5749
1	15	545.5027282677629	4	40	10	right	right	1	153	15.156	10095
1	16	3162.336399358835	4	40	10	left	left	1	117	15.24	7677
1	17	1157.3593325650936	4	40	10	left	right	0	133	15.153	8777
1	18	344.17164325415956	4	40	10	right	left	0	158	15.172	10414
1	19	283.5315573145211	4	40	10	left	left	1	222	15.197	14608
1	20	1126.931644481544	4	40	10	right	right	1	136	15.16	8971
1	21	524.3026284025148	4	40	10	left	right	0	174	15.185	11459
1	22	291.72920264221017	4	40	10	left	right	0	170	15.134	11233
1	23	411.01289449115455	4	40	10	right	right	1	601	15.155	39656
1	24	1123.6524656837496	4	40	10	right	right	1	104	15.285	6804
1	25	1226.6746540113281	4	40	10	right	right	1	182	15.155	12009
1	26	607.6885363368662	4	40	10	right	right	1	96	15.219	6308
1	27	272.01031476712757	4	40	10	left	right	0	198	15.224	13006
1	28	1075.9292618962181	4	40	10	left	right	0	89	15.162	5870
1	29	439.8502807917729	4	40	10	right	left	0	117	15.179	7708
1	30	306.1583695236378	4	40	10	left	left	1	237	15.188	15604
1	31	852.6837619023677	4	40	10	left	left	1	146	15.141	9643
1	32	339.3096894433668	4	40	10	left	left	1	68	15.23	4465
1	33	385.4367736490708	4	40	10	right	left	0	63	15.206	4143
1	34	1579.3766210141785	4	40	10	right	left	0	145	15.231	9520
1	35	606.479823711751	4	40	10	right	right	1	149	15.195	9806
1	36	480.78746085947114	4	40	10	left	right	0	73	15.336	4760
1	37	1280.646317334921	4	40	10	right	left	0	61	15.365	3970
1	38	778.5517025898258	4	40	10	right	left	0	121	15.157	7983
1	39	2991.9561226357173	4	40	10	left	right	0	185	15.161	12202
1	40	336.367242610631	4	40	10	right	right	1	235	15.202	15459
2	1	2203.8475177273376	4	40	10	left	left	1	97	15.249	6361
2	2	1294.4197205998528	4	40	10	left	left	1	95	15.19	6254
2	3	1543.2947480964433	4	40	10	left	left	1	68	15.168	4483
2	4	563.1972495266605	4	40	10	left	right	0	163	15.16	10752
2	5	406.98769465051816	4	40	10	right	left	0	103	15.271	6745
2	6	461.93709847559603	4	40	10	left	left	1	190	15.188	12510
2	7	739.3838991584762	4	40	10	left	left	1	96	15.168	6329
2	8	757.4439245351614	4	40	10	right	left	0	50	15.328	3262
2	9	385.41069183437446	4	40	10	right	left	0	109	15.243	7151
2	10	2287.2445389713753	4	40	10	left	left	1	164	15.157	10820
2	11	570.6795212594141	4	40	10	left	left	1	86	15.224	5649
2	12	680.4874715970137	4	40	10	left	left	1	135	15.182	8892
2	13	734.9943265854135	4	40	10	left	left	1	204	15.167	13450
2	14	951.9052478323521	4	40	10	left	left	1	56	15.309	3658
2	15	672.8722320838232	4	40	10	right	left	0	84	15.303	5489
2	16	391.22493380137945	4	40	10	left	left	1	149	15.224	9787
2	17	1094.956368225016	4	40	10	right	left	0	115	15.252	7540
2	18	1505.808315044445	4	40	10	right	right	1	84	15.323	5482
2	19	2294.561328686197	4	40	10	left	left	1	154	15.189	10139
2	20	214.6560572357589	4	40	10	left	left	1	148	15.22	9724
2	21	746.146484487833	4	40	10	right	left	0	106	15.173	6986
2	22	366.07007798670907	4	40	10	right	right	1	105	15.167	6923
2	23	1612.7101326183376	4	40	10	left	left	1	99	15.238	6497
2	24	374.60958570179343	4	40	10	right	left	0	193	15.215	12685
2	25	1361.292869772191	4	40	10	right	left	0	79	15.175	5206
2	26	538.1749463084766	4	40	10	right	left	0	116	15.165	7649
2	27	329.8248336795058	4	40	10	right	left	0	129	15.194	8490
2	28	797.0781984889028	4	40	10	left	right	0	89	15.177	5864
2	29	365.6035302726855	4	40	10	left	left	1	96	15.255	6293
2	30	957.4468260677497	4	40	10	right	left	0	88	15.32	5744
2	31	1346.3807813156154	4	40	10	right	right	1	74	15.192	4871
2	32	1827.8734160555446	4	40	10	right	left	0	135	15.223	8868
2	33	847.3554769579395	4	40	10	right	right	1	100	15.258	6554
2	34	274.21535419839057	4	40	10	left	right	0	151	15.253	9900
2	35	209.12584051169665	4	40	10	left	left	1	115	15.118	7607
2	36	1539.0617551929859	4	40	10	right	left	0	98	15.154	6467
2	37	478.57402679516065	4	40	10	right	left	0	229	15.168	15098
2	38	2230.6053347368534	4	40	10	left	left	1	84	15.289	5494
2	39	810.1147330859308	4	40	10	right	left	0	81	15.286	5299
2	40	820.1785033896292	4	40	10	right	left	0	87	15.162	5738
3	1	704.1306649678756	4	40	10	left	left	1	159	15.228	10441
3	2	1529.583532730336	4	40	10	right	left	0	95	15.283	6216
3	3	1286.2307343047146	4	40	10	right	right	1	117	15.197	7699
3	4	1242.1929717555845	4	40	10	left	left	1	57	15.164	3759
3	5	2263.2454488045055	4	40	10	left	left	1	60	15.182	3952
3	6	569.4006576342522	4	40	10	right	left	0	68	15.336	4434
3	7	977.422535590331	4	40	10	left	left	1	109	15.249	7148
3	8	757.9360902655635	4	40	10	right	left	0	109	15.253	7146
3	9	428.06978523013277	4	40	10	right	left	0	92	15.144	6075
3	10	1187.2346657921178	4	40	10	left	left	1	153	15.209	10060
3	11	1401.1034321152142	4	40	10	left	right	0	146	15.251	9573
3	12	236.16596882111415	4	40	10	left	left	1	89	15.279	5825
3	13	558.7269463143583	4	40	10	right	left	0	104	15.229	6829
3	14	499.96159962645174	4	40	10	right	right	1	187	15.167	12329
3	15	643.7378661445532	4	40	10	left	right	0	123	15.27	8055
3	16	883.2783419627827	4	40	10	left	left	1	110	15.229	7223
3	17	225.03761923343603	4	40	10	right	left	0	92	15.265	6027
3	18	3342.9711846843197	4	40	10	right	left	0	138	15.18	9091
3	19	2688.8986152694565	4	40	10	left	right	0	166	15.171	10942
3	20	247.5138875501168	4	40	10	right	left	0	147	15.175	9687
3	21	324.4857955231099	4	40	10	right	left	0	98	15.255	6424
3	22	995.5580739440364	4	40	10	left	right	0	78	15.19	5135
3	23	1183.8173983605302	4	40	10	right	right	1	156	15.154	10294
3	24	1803.5190087605781	4	40	10	left	left	1	140	15.232	9191
3	25	613.7570316874696	4	40	10	right	right	1	159	15.211	10453
3	26	2263.14657246956	4	40	10	right	right	1	160	15.216	10515
3	27	1019.6261102613464	4	40	10	right	left	0	204	15.218	13405
3	28	1475.2067834340808	4	40	10	right	right	1	103	15.3	6732
3	29	928.5996736170764	4	40	10	left	left	1	133	15.233	8731
3	30	493.95716846078125	4	40	10	right	left	0	164	15.166	10814
3	31	218.14842987868252	4	40	10	left	left	1	197	15.202	12959
3	32	434.74345596767324	4	40	10	left	left	1	271	15.152	17885
3	33	1415.6633636292813	4	40	10	left	left	1	93	15.226	6108
3	34	422.8799565416779	4	40	10	left	left	1	94	15.267	6157
3	35	1383.8948359267097	4	40	10	left	left	1	119	15.254	7801
3	36	1068.9319995519527	4	40	10	right	left	0	52	15.376	3382
3	37	1405.3794725449825	4	40	10	left	left	1	114	15.222	7489
3	38	379.3288250474228	4	40	10	left	left	1	84	15.165	5539
3	39	846.3722750010812	4	40	10	right	left	0	71	15.315	4636
3	40	938.6466926832693	4	40	10	right	right	1	162	15.174	10676
4	1	601.4076313479018	4	40	10	left	left	1	39	15.234	2560
4	2	1376.4451439044267	4	40	10	left	right	0	34	15.179	2240
4	3	1210.054832787575	4	40	10	right	left	0	25	15.188	1646
4	4	355.9419970711351	4	40	10	right	right	1	58	15.259	3801
4	5	258.94644311039497	4	40	10	right	left	0	51	15.228	3349
4	6	858.8989279055019	4	40	10	left	left	1	76	15.209	4997
4	7	264.42007087144316	4	40	10	left	right	0	57	15.418	3697
4	8	464.5141715574626	4	40	10	right	left	0	68	15.247	4460
4	9	2287.94378331809	4	40	10	left	right	0	59	15.183	3886
4	10	1026.8084349563142	4	40	10	right	left	0	154	15.198	10133
4	11	223.229854658113	4	40	10	right	left	0	101	15.179	6654
4	12	916.677972446787	4	40	10	right	left	0	47	15.22	3088
4	13	1719.5249404994852	4	40	10	left	right	0	113	15.172	7448
4	14	1698.0030155159152	4	40	10	left	left	1	65	15.183	4281
4	15	1712.7006775909963	4	40	10	left	left	1	39	15.222	2562
4	16	589.5735674933848	4	40	10	left	right	0	150	15.228	9850
4	17	786.6831205727049	4	40	10	right	left	0	70	15.161	4617
4	18	352.52533413170954	4	40	10	right	left	0	165	15.234	10831
4	19	386.9226379318564	4	40	10	right	right	1	6	16.667	360
4	20	1035.6897744718458	4	40	10	left	right	0	51	15.38	3316
4	21	287.65958449105057	4	40	10	left	right	0	33	15.377	2146
4	22	963.1697791626442	4	40	10	left	left	1	31	15.423	2010
4	23	1442.2889441681637	4	40	10	right	left	0	21	15.228	1379
4	24	527.8700207167434	4	40	10	right	left	0	11	15.342	717
4	25	1330.8035053873193	4	40	10	right	right	1	9	16.275	553
4	26	491.33965605062554	4	40	10	left	right	0	23	15.572	1477
4	27	1771.945353572597	4	40	10	left	left	1	35	15.251	2295
4	28	799.8677965853755	4	40	10	left	left	1	36	15.209	2367
4	29	586.888792112438	4	40	10	left	left	1	42	15.234	2757
4	30	328.85415087328425	4	40	10	left	left	1	40	15.492	2582
4	31	219.32815422728714	4	40	10	right	left	0	39	15.234	2560
4	32	248.3669344149832	4	40	10	right	right	1	17	15.219	1117
4	33	2275.976472566895	4	40	10	left	right	0	23	15.272	1506
4	34	547.2912403051498	4	40	10	left	right	0	26	15.748	1651
4	35	268.9775144887534	4	40	10	right	left	0	11	16.541	665
4	36	916.7913723087928	4	40	10	right	left	0	37	15.158	2441
4	37	1267.5706420714487	4	40	10	right	right	1	55	15.21	3616
4	38	1607.7574632900312	4	40	10	right	right	1	24	15.645	1534
4	39	1039.5740492510893	4	40	10	left	right	0	34	15.26	2228
4	40	200.98445928225297	4	40	10	right	left	0	11	15.235	722
