
blkNum	trlNum	randomStimulusOnsetTime	coherentDots	numberofDots	percentCoherence	winningDirection	response	correct	eventCount	averageFrameRate	RT
1	1	1166.0717450494517	4	40	10	right	right	1	123	15.261	8060
1	2	718.2018024067806	4	40	10	left	right	0	21	15.351	1368
1	3	626.4735639551354	4	40	10	right	left	0	33	15.306	2156
1	4	484.67003370802325	4	40	10	right	right	1	37	15.501	2387
1	5	785.5863934196842	4	40	10	left	left	1	64	15.18	4216
1	6	683.0497968086796	4	40	10	left	left	1	75	15.294	4904
1	7	2022.5939211450893	4	40	10	left	left	1	85	15.241	5577
1	8	568.035885631645	4	40	10	left	left	1	117	15.205	7695
1	9	2007.0866915154868	4	40	10	right	right	1	16	15.61	1025
1	10	1060.1882938027697	4	40	10	right	left	0	73	15.346	4757
1	11	4004.860646157107	4	40	10	left	right	0	18	15.385	1170
1	12	1135.4808030286522	4	40	10	right	right	1	57	15.302	3725
1	13	450.1283830483311	4	40	10	right	right	1	106	15.184	6981
1	14	1168.3169057107075	4	40	10	left	left	1	52	15.272	3405
1	15	799.5475003268148	4	40	10	left	left	1	61	15.338	3977
1	16	2828.942023639259	4	40	10	left	left	1	49	15.356	3191
1	17	535.0148008103068	4	40	10	right	right	1	111	15.222	7292
1	18	507.1689964045766	4	40	10	right	right	1	31	15.4	2013
1	19	362.201315533172	4	40	10	right	right	1	91	15.21	5983
1	20	1228.1164076355112	4	40	10	right	right	1	82	15.233	5383
1	21	208.0248338900808	4	40	10	right	left	0	70	15.227	4597
1	22	1232.8376006865062	4	40	10	right	right	1	22	15.714	1400
1	23	3368.773706244742	4	40	10	left	left	1	47	15.319	3068
1	24	278.9047856480056	4	40	10	right	right	1	37	15.308	2417
1	25	602.8120898865088	4	40	10	left	left	1	79	15.31	5160
1	26	377.7159460920301	4	40	10	right	right	1	47	15.304	3071
1	27	272.06162616217404	4	40	10	left	left	1	27	15.598	1731
1	28	833.3100967080541	4	40	10	right	right	1	18	15.371	1171
1	29	292.79906304389885	4	40	10	right	right	1	29	15.676	1850
1	30	1089.4678449766438	4	40	10	right	left	0	14	15.608	897
1	31	328.527869820724	4	40	10	left	left	1	35	15.198	2303
1	32	546.7611720431205	4	40	10	left	left	1	53	15.322	3459
1	33	346.9471151956195	4	40	10	left	left	1	49	15.322	3198
1	34	1014.7863878415288	4	40	10	left	left	1	58	15.372	3773
1	35	448.34170286411495	4	40	10	right	left	0	58	15.183	3820
1	36	274.9552741517311	4	40	10	left	right	0	59	15.269	3864
1	37	1271.3968264568466	4	40	10	right	right	1	15	15.873	945
1	38	1175.2396337341288	4	40	10	left	left	1	20	15.163	1319
1	39	322.91660230619783	4	40	10	left	left	1	78	15.205	5130
1	40	1961.8361784589424	4	40	10	left	left	1	35	15.528	2254
2	1	639.8825252344179	4	40	10	right	right	1	24	15.219	1577
2	2	1858.2567176790608	4	40	10	left	left	1	16	15.444	1036
2	3	334.5886237265995	4	40	10	right	right	1	65	15.287	4252
2	4	302.15308980375596	4	40	10	left	left	1	40	15.291	2616
2	5	928.3358239807808	4	40	10	left	right	0	22	15.225	1445
2	6	343.53949410123164	4	40	10	left	left	1	46	15.282	3010
2	7	969.5320430540114	4	40	10	right	right	1	65	15.301	4248
2	8	513.899491291563	4	40	10	right	right	1	47	15.27	3078
2	9	642.9199089499512	4	40	10	left	left	1	21	15.849	1325
2	10	201.61055542985355	4	40	10	left	right	0	27	15.553	1736
2	11	325.92387689894724	4	40	10	left	left	1	22	15.614	1409
2	12	284.83597570908836	4	40	10	left	left	1	56	15.263	3669
2	13	577.1454542313896	4	40	10	left	left	1	60	15.248	3935
2	14	848.5051625002822	4	40	10	left	right	0	36	15.339	2347
2	15	1376.8193360742364	4	40	10	right	right	1	64	15.374	4163
2	16	2898.260482671397	4	40	10	right	right	1	33	15.428	2139
2	17	1326.8885241816074	4	40	10	left	left	1	40	15.426	2593
2	18	1174.7977823802678	4	40	10	right	right	1	28	15.651	1789
2	19	990.314102514174	4	40	10	left	left	1	18	15.693	1147
2	20	395.3394076917733	4	40	10	left	left	1	52	15.236	3413
2	21	236.0123745683017	4	40	10	right	right	1	32	15.377	2081
2	22	554.3357224006128	4	40	10	right	right	1	39	15.446	2525
2	23	482.24419598251615	4	40	10	right	right	1	47	15.4	3052
2	24	544.9544239701579	4	40	10	left	left	1	60	15.209	3945
2	25	1092.9520359122073	4	40	10	left	right	0	15	15.707	955
2	26	260.4848584155178	4	40	10	right	right	1	14	15.677	893
2	27	442.3773991936225	4	40	10	right	right	1	40	15.326	2610
2	28	1669.275017046623	4	40	10	right	right	1	54	15.203	3552
2	29	3945.359910636834	4	40	10	left	left	1	42	15.306	2744
2	30	802.8910283152545	4	40	10	left	left	1	82	15.299	5360
2	31	375.93599928302837	4	40	10	right	right	1	22	15.406	1428
2	32	225.37485462756882	4	40	10	left	left	1	57	15.245	3739
2	33	482.96015181878687	4	40	10	right	right	1	19	15.886	1196
2	34	1691.0854519462891	4	40	10	right	right	1	17	15.888	1070
2	35	547.7432014398685	4	40	10	right	right	1	23	15.202	1513
2	36	1868.7798225483857	4	40	10	right	right	1	26	15.71	1655
2	37	1953.8646460803402	4	40	10	left	right	0	17	15.385	1105
2	38	222.73155502233308	4	40	10	right	left	0	37	15.334	2413
2	39	345.25941413384703	4	40	10	left	right	0	15	15.291	981
2	40	587.7286710206713	4	40	10	right	right	1	14	15.855	883
3	1	1675.4157088389063	4	40	10	right	right	1	14	15.677	893
3	2	718.605692321685	4	40	10	right	right	1	13	15.644	831
3	3	242.03678695208654	4	40	10	right	right	1	18	15.901	1132
3	4	1245.0944215105942	4	40	10	left	left	1	17	16.083	1057
3	5	212.48444556286435	4	40	10	right	right	1	20	15.244	1312
3	6	411.55430254786506	4	40	10	left	left	1	24	15.365	1562
3	7	730.5469916087822	4	40	10	right	right	1	15	15.544	965
3	8	599.4997798450016	4	40	10	right	right	1	42	15.239	2756
3	9	219.3459637603475	4	40	10	left	right	0	44	15.193	2896
3	10	301.4046433731212	4	40	10	left	left	1	24	15.564	1542
3	11	441.3078936245084	4	40	10	left	left	1	18	15.241	1181
3	12	399.81201128157284	4	40	10	right	right	1	37	15.296	2419
3	13	1016.36445612834	4	40	10	left	right	0	12	15.957	752
3	14	1752.132875614638	4	40	10	left	right	0	35	15.165	2308
3	15	1790.933646292767	4	40	10	right	right	1	13	16.291	798
3	16	764.2227024530509	4	40	10	right	right	1	20	15.699	1274
3	17	387.41390268829457	4	40	10	right	right	1	41	15.431	2657
3	18	513.2312227583641	4	40	10	left	right	0	42	15.385	2730
3	19	521.7996136245783	4	40	10	left	right	0	16	15.564	1028
3	20	1410.9669916394414	4	40	10	right	right	1	25	15.538	1609
3	21	1352.9981585002554	4	40	10	right	left	0	29	15.191	1909
3	22	473.8904648160916	4	40	10	right	right	1	20	15.256	1311
3	23	3457.0198749428014	4	40	10	left	right	0	42	15.206	2762
3	24	1102.924107897254	4	40	10	right	left	0	34	15.518	2191
3	25	603.4389382648044	4	40	10	right	right	1	11	15.559	707
3	26	2737.8182092126426	4	40	10	left	right	0	71	15.365	4621
3	27	441.6557868838637	4	40	10	left	right	0	27	15.491	1743
3	28	623.9092628449946	4	40	10	left	left	1	22	15.31	1437
3	29	1299.457675028789	4	40	10	left	left	1	27	15.297	1765
3	30	834.689846666338	4	40	10	left	left	1	21	15.59	1347
3	31	2341.893085867005	4	40	10	right	right	1	23	15.743	1461
3	32	301.91095533492194	4	40	10	left	left	1	50	15.267	3275
3	33	579.4345121769361	4	40	10	right	right	1	46	15.354	2996
3	34	1795.6160876271888	4	40	10	left	left	1	27	15.367	1757
3	35	375.7152641145674	4	40	10	left	left	1	45	15.234	2954
3	36	420.915891458705	4	40	10	right	right	1	31	15.57	1991
3	37	630.9695337414971	4	40	10	left	left	1	37	15.417	2400
3	38	778.6138783967135	4	40	10	right	right	1	49	15.332	3196
3	39	1094.166866019057	4	40	10	right	right	1	38	15.542	2445
3	40	908.4024412882893	4	40	10	left	left	1	17	15.413	1103
4	1	449.9456478294309	4	40	10	left	right	0	25	15.404	1623
4	2	627.1076790163175	4	40	10	left	left	1	12	16.484	728
4	3	1211.9280075274237	4	40	10	left	right	0	17	15.77	1078
4	4	1624.7930140397011	4	40	10	left	left	1	13	15.312	849
4	5	933.8967424771639	4	40	10	left	right	0	62	15.218	4074
4	6	2601.8371090820524	4	40	10	left	left	1	23	15.657	1469
4	7	402.81047582142094	4	40	10	right	right	1	22	15.471	1422
4	8	1340.0479243723685	4	40	10	right	left	0	25	15.733	1589
4	9	1044.660621188597	4	40	10	left	left	1	20	15.601	1282
4	10	869.9485550230311	4	40	10	left	left	1	27	15.169	1780
4	11	1178.0208630063928	4	40	10	right	right	1	37	15.214	2432
4	12	281.1666682923677	4	40	10	left	right	0	24	15.19	1580
4	13	1666.2486762907595	4	40	10	left	left	1	20	15.408	1298
4	14	382.296317318196	4	40	10	left	right	0	25	15.645	1598
4	15	726.0553356812354	4	40	10	right	right	1	27	15.455	1747
4	16	577.2178745043843	4	40	10	right	right	1	43	15.227	2824
4	17	523.9492366333322	4	40	10	left	left	1	37	15.359	2409
4	18	543.0319447863776	4	40	10	left	left	1	24	15.238	1575
4	19	1755.4788214356495	4	40	10	right	right	1	17	15.611	1089
4	20	754.2097010808136	4	40	10	right	right	1	69	15.239	4528
4	21	258.499264415264	4	40	10	left	left	1	32	15.511	2063
4	22	274.73306035883627	4	40	10	right	right	1	24	15.414	1557
4	23	1109.4685815684647	4	40	10	right	right	1	18	16	1125
4	24	1864.713209299841	4	40	10	left	left	1	17	15.726	1081
4	25	253.9047209991781	4	40	10	right	right	1	25	15.179	1647
4	26	1951.1134763628042	4	40	10	right	right	1	21	15.849	1325
4	27	603.8616209923055	4	40	10	left	left	1	16	15.579	1027
4	28	1269.083516378989	4	40	10	right	right	1	13	15.421	843
4	29	1371.4035019845373	4	40	10	right	right	1	22	15.793	1393
4	30	653.771962146109	4	40	10	right	right	1	20	15.649	1278
4	31	251.55120084150428	4	40	10	right	right	1	23	15.192	1514
4	32	575.4921507384786	4	40	10	left	right	0	23	15.829	1453
4	33	468.7924436025133	4	40	10	left	left	1	21	15.407	1363
4	34	355.3051045259877	4	40	10	right	right	1	19	15.69	1211
4	35	608.4797834262502	4	40	10	right	right	1	45	15.337	2934
4	36	487.8822029485671	4	40	10	right	right	1	42	15.487	2712
4	37	674.8765078795016	4	40	10	left	left	1	20	15.244	1312
4	38	434.1392936957569	4	40	10	right	right	1	20	15.823	1264
4	39	1924.233515393935	4	40	10	right	right	1	24	15.645	1534
4	40	1720.7431490214456	4	40	10	left	right	0	53	15.296	3465
