
blkNum	trlNum	randomStimulusOnsetTime	coherentDots	numberofDots	percentCoherence	winningDirection	response	correct	eventCount	averageFrameRate	RT
1	1	1312.6441435893157	4	40	10	right	right	1	60	15.198	3948
1	2	472.3261585779853	4	40	10	left	left	1	30	15.432	1944
1	3	983.2635086906713	4	40	10	right	right	1	33	15.457	2135
1	4	1497.756206964945	4	40	10	right	right	1	19	15.273	1244
1	5	563.992780508984	4	40	10	right	left	0	24	15.717	1527
1	6	1619.2578615668797	4	40	10	left	left	1	17	15.539	1094
1	7	236.0667733354041	4	40	10	left	right	0	44	15.455	2847
1	8	458.7389970916635	4	40	10	left	right	0	33	15.214	2169
1	9	659.675191376973	4	40	10	right	left	0	15	15.306	980
1	10	607.6646358621631	4	40	10	left	right	0	46	15.359	2995
1	11	814.290265000684	4	40	10	left	left	1	17	15.668	1085
1	12	2135.521586903366	4	40	10	right	right	1	16	15.889	1007
1	13	836.7281044994807	4	40	10	left	left	1	14	15.184	922
1	14	899.1318943522487	4	40	10	left	left	1	18	15.19	1185
1	15	406.31282794620773	4	40	10	left	left	1	16	15.717	1018
1	16	420.28774254089154	4	40	10	right	right	1	11	15.257	721
1	17	560.9130832192812	4	40	10	left	left	1	16	15.429	1037
1	18	309.45525568624794	4	40	10	left	left	1	20	15.396	1299
1	19	1406.757479055935	4	40	10	left	left	1	16	15.656	1022
1	20	691.0061690116886	4	40	10	left	left	1	27	15.402	1753
1	21	206.66798865073906	4	40	10	left	right	0	22	15.214	1446
1	22	503.491516940189	4	40	10	left	right	0	25	15.413	1622
1	23	694.348201482081	4	40	10	left	left	1	11	15.449	712
1	24	1148.1121305410736	4	40	10	left	right	0	19	15.9	1195
1	25	526.76152747009	4	40	10	right	left	0	9	16.544	544
1	26	259.8577604143539	4	40	10	right	right	1	23	15.232	1510
1	27	438.05390751457395	4	40	10	right	left	0	12	16.238	739
1	28	955.004350575095	4	40	10	right	right	1	16	15.109	1059
1	29	337.96993538906804	4	40	10	right	right	1	26	15.24	1706
1	30	377.535111722152	4	40	10	right	right	1	21	15.162	1385
1	31	1254.7728862771532	4	40	10	right	right	1	16	15.504	1032
1	32	366.06546861444053	4	40	10	left	right	0	16	15.64	1023
1	33	1742.4543458888097	4	40	10	right	right	1	14	15.677	893
1	34	2260.402669980311	4	40	10	left	left	1	20	15.81	1265
1	35	465.7769995156806	4	40	10	right	right	1	47	15.41	3050
1	36	679.1631573763601	4	40	10	right	right	1	15	15.416	973
1	37	206.90327661335817	4	40	10	right	right	1	8	15.504	516
1	38	955.0600508805908	4	40	10	right	left	0	8	15.094	530
1	39	776.9230837819968	4	40	10	left	right	0	10	15.873	630
1	40	2262.0592525071966	4	40	10	right	left	0	12	15.686	765
2	1	2252.1465582240253	4	40	10	left	right	0	57	15.172	3757
2	2	468.85780165731455	4	40	10	right	left	0	13	15.931	816
2	3	1734.2780046990026	4	40	10	right	right	1	40	15.152	2640
2	4	259.1072404851324	4	40	10	left	left	1	25	15.142	1651
2	5	344.3220539195226	4	40	10	left	right	0	11	15.85	694
2	6	813.091790754624	4	40	10	left	left	1	29	15.152	1914
2	7	1420.79375425907	4	40	10	right	right	1	24	15.686	1530
2	8	2948.824665486782	4	40	10	left	left	1	14	15.837	884
2	9	473.79299665935673	4	40	10	right	right	1	40	15.209	2630
2	10	1206.3757250210965	4	40	10	right	left	0	15	15.369	976
2	11	444.0331800370784	4	40	10	left	left	1	14	15.927	879
2	12	568.8935111021153	4	40	10	right	right	1	23	15.323	1501
2	13	469.29540088481383	4	40	10	left	left	1	14	15.766	888
2	14	297.0416810150223	4	40	10	left	left	1	18	15.451	1165
2	15	1234.3375857156182	4	40	10	left	left	1	16	15.18	1054
2	16	2090.692233034825	4	40	10	right	right	1	16	16.113	993
2	17	1920.1226666763534	4	40	10	right	right	1	15	16.06	934
2	18	369.71994423268086	4	40	10	right	left	0	21	15.813	1328
2	19	212.12237571348732	4	40	10	right	right	1	20	15.798	1266
2	20	1978.772181260234	4	40	10	left	right	0	25	15.442	1619
2	21	2188.155971189074	4	40	10	left	left	1	40	15.169	2637
2	22	822.0786003715194	4	40	10	right	left	0	29	15.152	1914
2	23	453.2993895969614	4	40	10	left	left	1	11	15.32	718
2	24	1280.4975647477152	4	40	10	left	left	1	21	15.419	1362
2	25	497.64377068994503	4	40	10	right	left	0	10	15.432	648
2	26	262.40571409450183	4	40	10	right	left	0	17	15.625	1088
2	27	1084.377607682548	4	40	10	left	right	0	23	15.562	1478
2	28	285.4961158885424	4	40	10	right	left	0	30	15.488	1937
2	29	531.9269649325297	4	40	10	right	right	1	29	15.312	1894
2	30	1370.5158839773508	4	40	10	right	left	0	29	15.247	1902
2	31	1097.3460607273837	4	40	10	right	right	1	13	16.049	810
2	32	341.13322148607426	4	40	10	left	left	1	13	15.682	829
2	33	274.2734093640649	4	40	10	right	right	1	15	15.69	956
2	34	1102.4740425346831	4	40	10	left	left	1	13	15.33	848
2	35	1013.642470616553	4	40	10	right	right	1	9	15.228	591
2	36	1589.9140625216485	4	40	10	left	left	1	13	15.116	860
2	37	205.57242980231328	4	40	10	left	left	1	13	15.644	831
2	38	1315.1442901974679	4	40	10	left	left	1	14	15.748	889
2	39	345.151557748688	4	40	10	right	right	1	13	15.385	845
2	40	330.93517570787606	4	40	10	left	left	1	12	16.064	747
3	1	252.50381017892866	4	40	10	right	left	0	24	15.365	1562
3	2	423.9834298103416	4	40	10	left	left	1	12	16.021	749
3	3	348.9227918969479	4	40	10	right	left	0	10	16.502	606
3	4	1005.5537563838209	4	40	10	right	right	1	14	15.556	900
3	5	607.6492078696836	4	40	10	right	right	1	13	15.458	841
3	6	718.9477084867275	4	40	10	left	left	1	16	16.048	997
3	7	423.7844546166298	4	40	10	right	right	1	14	15.945	878
3	8	554.0563461488425	4	40	10	left	left	1	12	15.686	765
3	9	319.7419912939426	4	40	10	left	left	1	19	15.664	1213
3	10	1312.341745314366	4	40	10	left	right	0	12	15.444	777
3	11	655.4021749716028	4	40	10	left	left	1	10	16.75	597
3	12	388.77070048876305	4	40	10	right	right	1	11	15.11	728
3	13	431.8268882176889	4	40	10	left	left	1	8	16.701	479
3	14	575.3652002709457	4	40	10	right	right	1	7	15.086	464
3	15	703.6558590382806	4	40	10	left	left	1	8	16.495	485
3	16	285.56403217557227	4	40	10	right	right	1	14	15.317	914
3	17	777.2149886873606	4	40	10	left	left	1	11	15.428	713
3	18	573.5030323451407	4	40	10	left	left	1	18	15.873	1134
3	19	1793.6107083440259	4	40	10	left	left	1	16	15.253	1049
3	20	1125.5235112860396	4	40	10	right	right	1	10	15.649	639
3	21	547.4852003251847	4	40	10	right	right	1	19	15.94	1192
3	22	406.3244725105448	4	40	10	left	left	1	7	15.152	462
3	23	394.793082291617	4	40	10	right	right	1	12	15.957	752
3	24	1862.7912793215312	4	40	10	right	right	1	21	15.801	1329
3	25	2041.5113488461307	4	40	10	left	left	1	6	15.228	394
3	26	939.6576195029804	4	40	10	left	left	1	23	15.344	1499
3	27	773.3944086698503	4	40	10	right	right	1	23	15.232	1510
3	28	428.585490342319	4	40	10	left	left	1	7	17.241	406
3	29	486.73340755921566	4	40	10	left	left	1	16	16	1000
3	30	399.4873746068838	4	40	10	right	right	1	13	15.663	830
3	31	253.60815753660458	4	40	10	left	left	1	13	15.294	850
3	32	481.5692823054826	4	40	10	left	left	1	7	15.59	449
3	33	1897.0819235399706	4	40	10	right	right	1	13	15.532	837
3	34	1746.2450342536583	4	40	10	right	left	0	6	16.575	362
3	35	514.4853976842278	4	40	10	right	left	0	10	15.949	627
3	36	432.508620860188	4	40	10	left	left	1	16	16	1000
3	37	338.5499997885877	4	40	10	right	right	1	11	16.442	669
3	38	338.53551809042017	4	40	10	right	right	1	8	15.81	506
3	39	564.3985733957634	4	40	10	left	left	1	14	15.677	893
3	40	2471.218385544692	4	40	10	right	right	1	12	15.209	789
4	1	364.89002493014175	4	40	10	right	left	0	15	15.625	960
4	2	823.2252418197725	4	40	10	right	right	1	12	16.327	735
4	3	516.6432595788319	4	40	10	left	left	1	15	15.773	951
4	4	258.6899513963642	4	40	10	right	left	0	10	15.674	638
4	5	881.4509317755708	4	40	10	right	left	0	11	16.418	670
4	6	422.77674968255707	4	40	10	right	left	0	11	16.248	677
4	7	258.3406895655209	4	40	10	right	right	1	19	15.485	1227
4	8	1064.0729658469957	4	40	10	right	right	1	11	15.737	699
4	9	494.4362589233373	4	40	10	left	left	1	16	16.016	999
4	10	1374.269841460402	4	40	10	right	right	1	13	16.069	809
4	11	403.1488769149519	4	40	10	right	left	0	8	16.227	493
4	12	1242.2091866334088	4	40	10	right	right	1	19	15.273	1244
4	13	210.69337862776803	4	40	10	left	right	0	7	15.73	445
4	14	367.2944746989011	4	40	10	right	left	0	7	16.667	420
4	15	284.43492612682616	4	40	10	right	left	0	28	15.677	1786
4	16	2507.8342917778637	4	40	10	left	left	1	31	15.233	2035
4	17	546.4309544746892	4	40	10	left	left	1	47	15.205	3091
4	18	1206.5241599883138	4	40	10	right	right	1	12	16.043	748
4	19	970.7994102219559	4	40	10	right	right	1	26	15.421	1686
4	20	354.53964274915484	4	40	10	left	left	1	12	15.464	776
4	21	206.6741116108941	4	40	10	left	left	1	14	16.129	868
4	22	1016.4569222008198	4	40	10	left	left	1	9	15.385	585
4	23	463.47254593992864	4	40	10	right	right	1	9	15.517	580
4	24	522.2389161948201	4	40	10	right	right	1	36	15.345	2346
4	25	1329.4589235430637	4	40	10	left	left	1	13	15.366	846
4	26	566.7076494391583	4	40	10	left	right	0	16	15.64	1023
4	27	2164.7263041631286	4	40	10	left	left	1	7	16.509	424
4	28	1877.484317793764	4	40	10	right	left	0	8	16.913	473
4	29	211.85460258289865	4	40	10	left	left	1	12	16.416	731
4	30	1253.3132575744248	4	40	10	right	right	1	4	16.064	249
4	31	280.90916760196967	4	40	10	left	left	1	12	16.107	745
4	32	234.02362903773584	4	40	10	left	left	1	8	16.913	473
4	33	1388.6229799795806	4	40	10	left	left	1	18	15.293	1177
4	34	1417.7356897221127	4	40	10	left	left	1	12	16.064	747
4	35	2767.994887309136	4	40	10	left	left	1	9	15.571	578
4	36	320.5053975310458	4	40	10	left	right	0	18	15.504	1161
4	37	412.8796230894613	4	40	10	right	left	0	25	15.489	1614
4	38	484.32821955189576	4	40	10	left	right	0	25	15.654	1597
4	39	871.4816174526196	4	40	10	left	left	1	8	16.194	494
4	40	998.0398142110814	4	40	10	right	right	1	15	16.112	931
