
blkNum	trlNum	randomStimulusOnsetTime	coherentDots	numberofDots	percentCoherence	winningDirection	response	correct	eventCount	averageFrameRate	RT
1	1	943.4916143705365	4	40	10	right	left	0	124	15.239	8137
1	2	208.5256804316168	4	40	10	left	left	1	125	15.181	8234
1	3	1729.3300131446556	4	40	10	right	right	1	36	15.274	2357
1	4	1164.8787245225312	4	40	10	right	left	0	18	15.517	1160
1	5	971.7311370486615	4	40	10	left	left	1	23	15.509	1483
1	6	630.8739698324333	4	40	10	right	right	1	90	15.195	5923
1	7	1527.2513566581472	4	40	10	left	right	0	106	15.167	6989
1	8	3415.011264453305	4	40	10	left	right	0	31	15.609	1986
1	9	236.7618179203706	4	40	10	left	left	1	18	15.088	1193
1	10	2659.474489062066	4	40	10	right	left	0	115	15.234	7549
1	11	1333.297387898753	4	40	10	left	right	0	28	15.564	1799
1	12	353.6217063884717	4	40	10	right	right	1	51	15.413	3309
1	13	1093.3090325218536	4	40	10	right	right	1	138	15.185	9088
1	14	929.6454797976465	4	40	10	right	left	0	72	15.228	4728
1	15	476.9182852941974	4	40	10	right	right	1	53	15.204	3486
1	16	999.3890080917238	4	40	10	left	right	0	149	15.158	9830
1	17	560.7659773657349	4	40	10	left	right	0	19	15.447	1230
1	18	1896.5060648108524	4	40	10	left	right	0	29	15.541	1866
1	19	1040.381455167199	4	40	10	right	left	0	14	15.873	882
1	20	1797.3180593933257	4	40	10	left	left	1	38	15.103	2516
1	21	1530.3464751334065	4	40	10	right	right	1	13	15.873	819
1	22	1119.7142531178742	4	40	10	right	right	1	17	15.639	1087
1	23	1819.3298435254541	4	40	10	right	right	1	16	15.109	1059
1	24	382.9528593568567	4	40	10	left	left	1	22	15.363	1432
1	25	310.5738312608595	4	40	10	right	right	1	17	15.843	1073
1	26	1047.5904162440447	4	40	10	left	left	1	12	15.666	766
1	27	1198.6137311659058	4	40	10	right	right	1	8	15.444	518
1	28	499.23373775779396	4	40	10	right	left	0	12	15.564	771
1	29	295.3478552175586	4	40	10	left	right	0	27	15.35	1759
1	30	630.51461910446	4	40	10	right	right	1	41	15.213	2695
1	31	273.76921633596555	4	40	10	left	left	1	56	15.296	3661
1	32	362.47057621109633	4	40	10	left	right	0	17	15.539	1094
1	33	659.4718564847528	4	40	10	left	left	1	13	15.222	854
1	34	591.6741914285112	4	40	10	right	right	1	15	15.448	971
1	35	1290.4203637137218	4	40	10	left	left	1	10	15.221	657
1	36	770.181212927747	4	40	10	left	right	0	13	15.294	850
1	37	234.35635104042507	4	40	10	right	left	0	8	15.656	511
1	38	291.19229930855903	4	40	10	right	right	1	12	15.666	766
1	39	303.8234510320587	4	40	10	left	left	1	7	15.086	464
1	40	1295.4138460281874	4	40	10	left	right	0	13	15.116	860
2	1	225.00609474867883	4	40	10	left	left	1	174	15.22	11432
2	2	1233.3799293309935	4	40	10	right	right	1	13	16.27	799
2	3	791.0053786553138	4	40	10	left	left	1	11	15.32	718
2	4	550.6751615922012	4	40	10	left	right	0	10	16.447	608
2	5	402.15711026382234	4	40	10	right	right	1	15	15.773	951
2	6	504.8264094806318	4	40	10	left	left	1	9	15.203	592
2	7	1484.9553291563645	4	40	10	left	right	0	9	15.873	567
2	8	948.1563578971267	4	40	10	right	left	0	15	15.198	987
2	9	1455.228658441473	4	40	10	left	right	0	12	16.021	749
2	10	231.5154793183026	4	40	10	right	right	1	95	15.263	6224
2	11	1162.7310430237898	4	40	10	left	left	1	27	15.126	1785
2	12	558.1486266071345	4	40	10	right	left	0	141	15.169	9295
2	13	1651.3393993288473	4	40	10	right	right	1	16	15.355	1042
2	14	509.71137216359716	4	40	10	right	right	1	11	16.035	686
2	15	960.2403888861438	4	40	10	left	left	1	26	15.43	1685
2	16	1422.0026641769764	4	40	10	left	left	1	18	15.088	1193
2	17	1312.2012322742778	4	40	10	left	left	1	12	15.287	785
2	18	268.15864815712336	4	40	10	right	left	0	13	15.348	847
2	19	232.5092692064161	4	40	10	left	right	0	41	15.18	2701
2	20	494.58711381561175	4	40	10	right	right	1	67	15.286	4383
2	21	283.1125508313092	4	40	10	left	left	1	65	15.23	4268
2	22	1205.9327311525464	4	40	10	right	left	0	76	15.326	4959
2	23	1583.6600720064138	4	40	10	left	left	1	20	15.373	1301
2	24	229.07684690196538	4	40	10	right	left	0	31	15.601	1987
2	25	279.52317047176404	4	40	10	right	left	0	16	15.038	1064
2	26	1735.0115458937396	4	40	10	left	left	1	20	15.42	1297
2	27	1447.178957836437	4	40	10	right	right	1	27	15.429	1750
2	28	1547.8226200892645	4	40	10	right	left	0	23	15.593	1475
2	29	790.6057663259924	4	40	10	right	right	1	17	15.138	1123
2	30	1034.2791210377831	4	40	10	left	left	1	13	15.625	832
2	31	860.8187048554218	4	40	10	right	left	0	15	15.856	946
2	32	495.10506132274054	4	40	10	left	left	1	15	15.259	983
2	33	394.7815847609818	4	40	10	left	right	0	36	15.235	2363
2	34	777.7576431698537	4	40	10	right	left	0	28	15.209	1841
2	35	436.09857998926384	4	40	10	right	right	1	40	15.226	2627
2	36	423.96853236926153	4	40	10	left	left	1	73	15.246	4788
2	37	3251.1503594960945	4	40	10	right	right	1	76	15.218	4994
2	38	909.9919593408244	4	40	10	left	left	1	51	15.233	3348
2	39	426.58232118484034	4	40	10	right	right	1	81	15.18	5336
2	40	761.6583302823823	4	40	10	left	left	1	53	15.178	3492
3	1	525.9861491808654	4	40	10	right	right	1	114	15.17	7515
3	2	367.62842230428555	4	40	10	left	left	1	18	15.411	1168
3	3	270.6436336785097	4	40	10	right	right	1	72	15.187	4741
3	4	250.97172360493243	4	40	10	left	left	1	21	15.086	1392
3	5	440.1780490748684	4	40	10	right	right	1	18	15.228	1182
3	6	1484.724016311289	4	40	10	left	left	1	21	15.075	1393
3	7	1418.1951600930001	4	40	10	right	right	1	39	15.33	2544
3	8	415.25051840032813	4	40	10	left	left	1	23	15.232	1510
3	9	1075.501081167361	4	40	10	left	left	1	23	15.753	1460
3	10	2887.1465476942603	4	40	10	left	right	0	40	15.402	2597
3	11	1097.117108410605	4	40	10	left	left	1	18	15.398	1169
3	12	861.2872996950812	4	40	10	left	left	1	36	15.28	2356
3	13	471.95543573719385	4	40	10	right	left	0	70	15.281	4581
3	14	455.9813502497092	4	40	10	left	left	1	42	15.184	2766
3	15	305.0232991989102	4	40	10	left	right	0	27	15.306	1764
3	16	1759.2511872149864	4	40	10	right	right	1	46	15.379	2991
3	17	491.72292453931743	4	40	10	right	right	1	29	15.442	1878
3	18	300.7348035149954	4	40	10	right	right	1	20	15.468	1293
3	19	1120.7810121994632	4	40	10	right	right	1	42	15.373	2732
3	20	685.0876020354831	4	40	10	right	right	1	62	15.155	4091
3	21	798.3187375324354	4	40	10	left	right	0	38	15.453	2459
3	22	685.2843296769137	4	40	10	right	right	1	72	15.306	4704
3	23	615.6529098391461	4	40	10	right	right	1	82	15.18	5402
3	24	1062.4255109293105	4	40	10	left	left	1	46	15.421	2983
3	25	1476.3093986717428	4	40	10	right	left	0	34	15.219	2234
3	26	2398.945127329752	4	40	10	left	right	0	19	15.127	1256
3	27	1330.5235338136103	4	40	10	left	right	0	19	15.261	1245
3	28	412.01236101501956	4	40	10	left	left	1	21	15.119	1389
3	29	1288.1483769119252	4	40	10	right	right	1	19	15.46	1229
3	30	415.23181720452356	4	40	10	right	right	1	34	15.413	2206
3	31	282.90628953622626	4	40	10	left	right	0	11	15.692	701
3	32	2284.502737679914	4	40	10	left	right	0	12	15.464	776
3	33	1292.0337256979003	4	40	10	right	right	1	14	15.184	922
3	34	449.21681211216253	4	40	10	left	right	0	9	15.411	584
3	35	596.1814824652433	4	40	10	right	left	0	29	15.263	1900
3	36	464.14186909039585	4	40	10	right	right	1	124	15.269	8121
3	37	621.4678750277312	4	40	10	left	left	1	85	15.2	5592
3	38	341.2758985040862	4	40	10	right	left	0	35	15.217	2300
3	39	280.351186051279	4	40	10	left	left	1	47	15.24	3084
3	40	1082.5258675260315	4	40	10	right	right	1	32	15.173	2109
4	1	410.2043192946472	4	40	10	right	left	0	74	15.33	4827
4	2	1087.6340428271896	4	40	10	right	right	1	12	15.686	765
4	3	413.6815438610967	4	40	10	right	left	0	14	15.837	884
4	4	1675.6385145534	4	40	10	right	right	1	69	15.202	4539
4	5	250.1768817311076	4	40	10	right	right	1	14	15.436	907
4	6	258.91981132540303	4	40	10	left	right	0	12	15.789	760
4	7	770.8817899870726	4	40	10	right	right	1	9	15.025	599
4	8	1342.3191094553578	4	40	10	right	right	1	10	16.207	617
4	9	873.7103864137099	4	40	10	left	right	0	10	15.552	643
4	10	671.3039646923335	4	40	10	right	left	0	18	15.887	1133
4	11	785.0939916671963	4	40	10	right	right	1	32	15.348	2085
4	12	595.447720793095	4	40	10	left	right	0	28	15.359	1823
4	13	243.8466138104909	4	40	10	left	left	1	15	15.353	977
4	14	915.2010471662445	4	40	10	left	left	1	17	15.568	1092
4	15	804.9648102143237	4	40	10	right	left	0	14	15.556	900
4	16	799.2491702687371	4	40	10	right	right	1	25	15.291	1635
4	17	2614.989732626379	4	40	10	left	left	1	18	15.203	1184
4	18	528.6921632498067	4	40	10	left	left	1	47	15.25	3082
4	19	1315.580060839048	4	40	10	left	left	1	22	15.526	1417
4	20	1201.1991918293088	4	40	10	left	left	1	22	15.079	1459
4	21	805.2771506521904	4	40	10	left	right	0	25	15.451	1618
4	22	364.7843703061567	4	40	10	right	left	0	37	15.353	2410
4	23	509.18119916746053	4	40	10	right	left	0	17	15.399	1104
4	24	758.004321382656	4	40	10	right	left	0	32	15.311	2090
4	25	383.16203863814655	4	40	10	left	left	1	21	15.602	1346
4	26	945.9707080012939	4	40	10	right	left	0	64	15.137	4228
4	27	364.2940837744251	4	40	10	right	right	1	22	15.417	1427
4	28	1954.213396946342	4	40	10	right	left	0	13	15.258	852
4	29	379.89094162286613	4	40	10	left	right	0	9	15.177	593
4	30	251.2006271592292	4	40	10	left	left	1	11	15.782	697
4	31	1208.7781174225872	4	40	10	right	left	0	37	15.121	2447
4	32	1997.8950501817223	4	40	10	right	right	1	12	15.584	770
4	33	486.8146111186639	4	40	10	right	left	0	10	15.723	636
4	34	476.89918709950325	4	40	10	left	right	0	19	15.625	1216
4	35	1425.3086027405488	4	40	10	left	left	1	239	15.221	15702
4	36	1127.7354370810476	4	40	10	left	left	1	20	15.279	1309
4	37	1270.1699089827104	4	40	10	left	left	1	16	15.857	1009
4	38	1259.8523638434267	4	40	10	left	right	0	15	15.74	953
4	39	674.133747350224	4	40	10	left	left	1	23	15.562	1478
4	40	294.77667610493927	4	40	10	left	left	1	17	15.726	1081
