
blkNum	trlNum	randomStimulusOnsetTime	coherentDots	numberofDots	percentCoherence	winningDirection	response	correct	eventCount	averageFrameRate	RT
1	1	292.3682688030331	4	40	10	left	right	0	10	16.367	611
1	2	1658.5853453758948	4	40	10	left	left	1	12	16.129	744
1	3	1445.410952465675	4	40	10	right	right	1	10	15.385	650
1	4	276.3254927261993	4	40	10	left	left	1	8	16.064	498
1	5	683.9285514425933	4	40	10	right	right	1	7	17.115	409
1	6	2071.1730863787543	4	40	10	right	right	1	11	15.214	723
1	7	851.7213704382756	4	40	10	right	right	1	7	15.801	443
1	8	1128.3239100913688	4	40	10	left	left	1	9	15.464	582
1	9	289.4647766336094	4	40	10	left	left	1	10	16.026	624
1	10	475.84658028833076	4	40	10	right	right	1	8	16.327	490
1	11	611.1448551314201	4	40	10	right	right	1	8	15.504	516
1	12	371.4917155809287	4	40	10	right	right	1	10	16.181	618
1	13	381.8601962882721	4	40	10	left	left	1	9	15.491	581
1	14	942.1746951176086	4	40	10	left	left	1	10	16.313	613
1	15	1331.7757327777542	4	40	10	right	left	0	11	16.418	670
1	16	478.70125235679114	4	40	10	right	right	1	12	15.345	782
1	17	635.4714259784271	4	40	10	right	right	1	35	15.291	2289
1	18	415.9806849005377	4	40	10	right	right	1	58	15.336	3782
1	19	730.2281000191001	4	40	10	left	left	1	8	16.427	487
1	20	1121.4073888295288	4	40	10	right	right	1	9	15.789	570
1	21	965.9021201415502	4	40	10	right	right	1	9	16.854	534
1	22	2009.686670014961	4	40	10	right	right	1	10	15.385	650
1	23	1574.807044750642	4	40	10	right	left	0	19	15.548	1222
1	24	319.8532255241702	4	40	10	left	left	1	11	15.406	714
1	25	380.36768133516733	4	40	10	right	right	1	10	16.639	601
1	26	359.1466295274015	4	40	10	left	left	1	11	15.515	709
1	27	909.7720797553001	4	40	10	left	left	1	10	15.674	638
1	28	233.17899021805104	4	40	10	left	left	1	10	15.175	659
1	29	671.8323206562975	4	40	10	right	right	1	10	16.051	623
1	30	1314.5351856663046	4	40	10	left	left	1	11	15.363	716
1	31	854.600944653158	4	40	10	right	right	1	10	16.42	609
1	32	1042.2213319724397	4	40	10	left	left	1	10	16.129	620
1	33	323.77669028765615	4	40	10	right	right	1	9	16.698	539
1	34	796.0827032682475	4	40	10	left	left	1	9	15.957	564
1	35	688.8147896533707	4	40	10	left	left	1	9	15.845	568
1	36	541.8314674252729	4	40	10	left	left	1	9	15.817	569
1	37	1110.0310108751898	4	40	10	left	left	1	19	15.224	1248
1	38	1598.1610311799277	4	40	10	left	left	1	10	15.898	629
1	39	1394.927929155632	4	40	10	right	right	1	8	15.066	531
1	40	1182.941610718111	4	40	10	left	left	1	9	16.917	532
2	1	1051.4467618777849	4	40	10	left	left	1	9	16.043	561
2	2	800.7860998210973	4	40	10	left	left	1	8	16.064	498
2	3	916.386056770143	4	40	10	right	right	1	10	16.556	604
2	4	1310.3668229573152	4	40	10	left	left	1	17	15.426	1102
2	5	1457.0957646840607	4	40	10	right	right	1	10	15.898	629
2	6	696.0810914680828	4	40	10	right	right	1	13	15.719	827
2	7	669.3945570937983	4	40	10	left	left	1	10	15.924	628
2	8	638.1568369716085	4	40	10	right	right	1	10	15.48	646
2	9	2477.9550113409773	4	40	10	left	left	1	9	15.491	581
2	10	3065.751728901343	4	40	10	right	right	1	8	15.534	515
2	11	1730.0654579368907	4	40	10	right	right	1	9	15.126	595
2	12	994.6797471996276	4	40	10	right	right	1	9	16.949	531
2	13	586.9982007113131	4	40	10	left	left	1	16	15.92	1005
2	14	275.8031965437293	4	40	10	left	left	1	17	15.247	1115
2	15	597.5348878009581	4	40	10	right	right	1	8	15.873	504
2	16	244.95100870968514	4	40	10	right	right	1	7	15.317	457
2	17	726.1536379981078	4	40	10	right	right	1	8	16.36	489
2	18	1483.285464333098	4	40	10	right	right	1	6	16.393	366
2	19	1756.007316357313	4	40	10	right	right	1	7	16.355	428
2	20	683.1932457177473	4	40	10	left	left	1	14	16.241	862
2	21	1587.2476603904727	4	40	10	right	right	1	8	16.461	486
2	22	475.6045769956472	4	40	10	right	right	1	9	15.177	593
2	23	3473.650361530483	4	40	10	left	right	0	9	16.158	557
2	24	3712.1566627763477	4	40	10	right	right	1	12	16.194	741
2	25	863.6956681556377	4	40	10	left	left	1	11	15.278	720
2	26	740.8793147954616	4	40	10	left	left	1	8	15.385	520
2	27	1324.5971953114267	4	40	10	right	right	1	9	16.698	539
2	28	785.9354365151623	4	40	10	right	left	0	9	16.158	557
2	29	324.473567176758	4	40	10	left	left	1	12	15.228	788
2	30	395.9858870126845	4	40	10	right	right	1	10	16.26	615
2	31	1047.1976638529952	4	40	10	left	left	1	10	15.949	627
2	32	301.0087511988653	4	40	10	left	left	1	12	15.544	772
2	33	301.7242210956624	4	40	10	right	right	1	9	16.76	537
2	34	547.4826560164024	4	40	10	left	left	1	10	16.556	604
2	35	694.3816392820295	4	40	10	left	left	1	9	16.453	547
2	36	488.5079531597783	4	40	10	left	left	1	8	16.427	487
2	37	388.16546839524045	4	40	10	right	right	1	17	15.683	1084
2	38	557.7691117778452	4	40	10	left	left	1	8	15.717	509
2	39	218.20625543534737	4	40	10	left	left	1	11	16.442	669
2	40	1182.2461452704194	4	40	10	left	left	1	12	15.81	759
3	1	201.20972612902915	4	40	10	right	left	0	8	16.129	496
3	2	344.7664047536564	4	40	10	right	left	0	11	16.393	671
3	3	311.5427271959206	4	40	10	left	left	1	14	15.748	889
3	4	271.09487135567736	4	40	10	left	left	1	10	16.42	609
3	5	1386.0844058062266	4	40	10	left	right	0	10	16.313	613
3	6	201.75851270335815	4	40	10	right	right	1	10	15.175	659
3	7	283.2058123641696	4	40	10	right	right	1	8	16.227	493
3	8	204.46255958725192	4	40	10	left	left	1	14	15.748	889
3	9	431.19371039487737	4	40	10	left	left	1	11	16.369	672
3	10	611.8523161982162	4	40	10	left	left	1	8	15.123	529
3	11	353.8308253648476	4	40	10	left	left	1	14	15.677	893
3	12	251.22108361324973	4	40	10	left	right	0	31	15.617	1985
3	13	837.5646295148758	4	40	10	left	left	1	23	15.657	1469
3	14	485.7198158720732	4	40	10	right	right	1	9	16.364	550
3	15	635.351140175103	4	40	10	right	right	1	10	15.221	657
3	16	524.4636771344972	4	40	10	right	right	1	16	15.224	1051
3	17	577.3056696054309	4	40	10	right	right	1	9	16.484	546
3	18	695.4152663456118	4	40	10	right	right	1	9	15.464	582
3	19	1279.838104506486	4	40	10	left	left	1	11	15.919	691
3	20	1275.5833867808676	4	40	10	right	right	1	10	15.337	652
3	21	703.9307222350543	4	40	10	right	right	1	9	15.358	586
3	22	1685.6517859895857	4	40	10	right	right	1	15	16.199	926
3	23	383.91803474384363	4	40	10	left	left	1	12	16.327	735
3	24	516.3726765621221	4	40	10	right	right	1	9	16.071	560
3	25	362.78425192190934	4	40	10	right	right	1	10	15.198	658
3	26	890.8120438149598	4	40	10	left	left	1	11	15.988	688
3	27	1358.2216851389467	4	40	10	right	right	1	13	15.7	828
3	28	1525.7723291970628	4	40	10	left	right	0	14	15.766	888
3	29	888.55948973522	4	40	10	left	left	1	10	16.779	596
3	30	263.29903111169085	4	40	10	right	right	1	10	15.432	648
3	31	781.2273228042669	4	40	10	right	right	1	17	15.455	1100
3	32	828.425792573908	4	40	10	right	left	0	8	17.241	464
3	33	650.2334318007837	4	40	10	right	right	1	16	15.37	1041
3	34	937.9790519393723	4	40	10	left	right	0	10	16.529	605
3	35	629.5270135531441	4	40	10	left	left	1	14	15.317	914
3	36	813.4909831612069	4	40	10	left	left	1	14	16.26	861
3	37	458.75161094832845	4	40	10	right	right	1	9	16.484	546
3	38	538.7962806134115	4	40	10	left	left	1	8	15.209	526
3	39	1976.86908870315	4	40	10	left	left	1	13	16.189	803
3	40	836.5162903597778	4	40	10	left	left	1	10	16.584	603
4	1	517.1916129325507	4	40	10	left	left	1	22	15.363	1432
4	2	248.39197297285955	4	40	10	left	right	0	9	15.437	583
4	3	247.8659834407386	4	40	10	left	left	1	8	15.625	512
4	4	1557.6694233047747	4	40	10	left	left	1	11	16.393	671
4	5	542.6259930910988	4	40	10	left	left	1	11	15.965	689
4	6	1070.6101513375233	4	40	10	left	left	1	9	16.275	553
4	7	1996.8295404310938	4	40	10	left	left	1	9	15.385	585
4	8	701.4381341567198	4	40	10	left	right	0	16	15.748	1016
4	9	3946.2983297999126	4	40	10	left	left	1	11	16.248	677
4	10	670.752239337033	4	40	10	right	right	1	9	15.358	586
4	11	1862.4104812272835	4	40	10	left	left	1	14	15.891	881
4	12	820.634151601352	4	40	10	left	left	1	9	16.791	536
4	13	438.22778457872965	4	40	10	right	right	1	12	16.021	749
4	14	213.74339277523396	4	40	10	left	left	1	10	15.48	646
4	15	714.2435121988376	4	40	10	left	left	1	10	16.234	616
4	16	1165.0663729569983	4	40	10	right	right	1	9	15.625	576
4	17	805.919173940929	4	40	10	right	right	1	9	15.254	590
4	18	1247.0382211362823	4	40	10	left	left	1	11	15.896	692
4	19	916.387703535366	4	40	10	right	right	1	7	15.419	454
4	20	1126.0127664164597	4	40	10	right	right	1	8	16.36	489
4	21	254.21401699960126	4	40	10	right	left	0	9	15.177	593
4	22	508.074380649172	4	40	10	right	right	1	11	15.32	718
4	23	433.9125420058346	4	40	10	right	left	0	12	16.416	731
4	24	424.86178316564656	4	40	10	left	left	1	17	15.26	1114
4	25	437.3131089757536	4	40	10	left	left	1	16	15.429	1037
4	26	380.73293042183775	4	40	10	left	left	1	12	15.645	767
4	27	618.8110019269036	4	40	10	right	right	1	8	15.326	522
4	28	561.2947602259303	4	40	10	right	right	1	9	15.177	593
4	29	1425.2899921143016	4	40	10	left	left	1	16	15.889	1007
4	30	3869.1158315164294	4	40	10	right	right	1	9	15.228	591
4	31	498.3048500468474	4	40	10	right	right	1	8	15.504	516
4	32	1002.48206207462	4	40	10	right	right	1	9	16.981	530
4	33	272.21531240217274	4	40	10	right	right	1	13	16.069	809
4	34	639.5004897069093	4	40	10	right	right	1	8	15.595	513
4	35	1240.0372843957412	4	40	10	left	right	0	7	15.521	451
4	36	241.41044662966368	4	40	10	right	right	1	9	16.334	551
4	37	600.9545426561726	4	40	10	right	right	1	31	15.226	2036
4	38	2852.096673208295	4	40	10	right	right	1	9	16.1	559
4	39	583.6135586401076	4	40	10	left	left	1	10	15.244	656
4	40	1542.2816607943098	4	40	10	right	right	1	8	17.094	468
