
blkNum	trlNum	randomStimulusOnsetTime	coherentDots	numberofDots	percentCoherence	winningDirection	response	correct	eventCount	averageFrameRate	RT
1	1	641.8181710765903	4	40	10	left	left	1	33	15.399	2143
1	2	1655.2318836605818	4	40	10	left	left	1	24	15.219	1577
1	3	1048.2066640767284	4	40	10	right	right	1	17	15.903	1069
1	4	209.10691588351511	4	40	10	right	right	1	12	16.194	741
1	5	827.428001522705	4	40	10	right	right	1	13	15.951	815
1	6	596.9163176117856	4	40	10	left	left	1	12	15.444	777
1	7	292.77288130737367	4	40	10	right	right	1	54	15.173	3559
1	8	2392.6896279263196	4	40	10	left	left	1	15	15.94	941
1	9	217.18652103609847	4	40	10	left	left	1	19	15.807	1202
1	10	3557.222698669697	4	40	10	left	left	1	12	15.645	767
1	11	429.052201329205	4	40	10	left	right	0	12	15.625	768
1	12	1538.172080445288	4	40	10	right	right	1	16	15.795	1013
1	13	357.858171616439	4	40	10	right	left	0	16	15.311	1045
1	14	1706.572993937826	4	40	10	left	left	1	12	16.129	744
1	15	234.27394585299183	4	40	10	left	left	1	28	15.259	1835
1	16	494.0535019333919	4	40	10	left	left	1	17	15.483	1098
1	17	1868.4482556874625	4	40	10	left	left	1	24	15.584	1540
1	18	258.55607384146356	4	40	10	right	right	1	39	15.348	2541
1	19	973.9794575712046	4	40	10	right	left	0	15	15.4	974
1	20	1467.6215224791522	4	40	10	right	right	1	17	15.568	1092
1	21	2448.817411508275	4	40	10	right	right	1	24	15.306	1568
1	22	399.8705848464631	4	40	10	left	left	1	43	15.484	2777
1	23	2058.708063261305	4	40	10	right	right	1	54	15.173	3559
1	24	320.76215198344164	4	40	10	right	right	1	14	15.608	897
1	25	604.1423050930946	4	40	10	left	left	1	32	15.61	2050
1	26	832.2606253236087	4	40	10	right	right	1	22	15.214	1446
1	27	405.57975312642264	4	40	10	left	left	1	9	15.332	587
1	28	1397.620902311481	4	40	10	left	left	1	13	15.606	833
1	29	2117.0942522748055	4	40	10	left	right	0	61	15.201	4013
1	30	421.095247132904	4	40	10	right	right	1	31	15.347	2020
1	31	240.18191886508885	4	40	10	right	right	1	20	15.209	1315
1	32	1758.31001902359	4	40	10	right	right	1	11	15.131	727
1	33	320.7505029842862	4	40	10	right	right	1	11	15.965	689
1	34	573.342754588369	4	40	10	right	right	1	49	15.336	3195
1	35	271.44282774043853	4	40	10	left	left	1	22	15.374	1431
1	36	809.5101560063435	4	40	10	right	right	1	38	15.218	2497
1	37	770.4629323797014	4	40	10	left	right	0	58	15.34	3781
1	38	271.76219705586084	4	40	10	left	right	0	50	15.37	3253
1	39	3385.487223650805	4	40	10	left	right	0	67	15.349	4365
1	40	362.10636863447155	4	40	10	right	right	1	83	15.249	5443
2	1	1035.5209727181013	4	40	10	left	left	1	28	15.301	1830
2	2	957.1005831840326	4	40	10	left	right	0	12	16.064	747
2	3	455.25411829698476	4	40	10	left	left	1	14	16.11	869
2	4	1532.0640844759841	4	40	10	left	left	1	29	15.12	1918
2	5	3047.3237741708103	4	40	10	right	right	1	15	15.69	956
2	6	1031.1631555671122	4	40	10	right	right	1	54	15.181	3557
2	7	2938.5029187657683	4	40	10	left	left	1	38	15.447	2460
2	8	781.9240276945688	4	40	10	right	right	1	9	15.306	588
2	9	617.8663280850294	4	40	10	right	right	1	48	15.296	3138
2	10	338.5696341105478	4	40	10	right	right	1	15	15.228	985
2	11	1687.123115486396	4	40	10	right	right	1	39	15.33	2544
2	12	379.96133397141625	4	40	10	right	left	0	57	15.2	3750
2	13	460.8474530837569	4	40	10	right	right	1	119	15.192	7833
2	14	254.15741936211282	4	40	10	left	left	1	29	15.368	1887
2	15	727.0509754479131	4	40	10	left	right	0	93	15.241	6102
2	16	2931.147005252996	4	40	10	left	left	1	49	15.152	3234
2	17	405.6334633549478	4	40	10	left	left	1	28	15.259	1835
2	18	372.37356236972477	4	40	10	left	left	1	72	15.113	4764
2	19	487.91841037486773	4	40	10	right	right	1	25	15.654	1597
2	20	1266.2876837516592	4	40	10	left	left	1	22	15.771	1395
2	21	1250.0050204636027	4	40	10	left	left	1	45	15.459	2911
2	22	344.89565472750144	4	40	10	right	right	1	96	15.241	6299
2	23	258.93668902941215	4	40	10	right	right	1	32	15.496	2065
2	24	312.7849374848128	4	40	10	right	right	1	67	15.314	4375
2	25	600.8648279984023	4	40	10	right	right	1	13	15.7	828
2	26	1094.8736437451398	4	40	10	right	right	1	40	15.267	2620
2	27	504.4234160834407	4	40	10	left	left	1	152	15.246	9970
2	28	730.159644837213	4	40	10	right	right	1	17	15.018	1132
2	29	2042.465514068575	4	40	10	left	left	1	17	15.165	1121
2	30	1078.1798798539928	4	40	10	right	left	0	15	16.164	928
2	31	243.42596925033507	4	40	10	left	left	1	50	15.309	3266
2	32	450.5018227906971	4	40	10	left	left	1	28	15.547	1801
2	33	253.42594415196476	4	40	10	right	left	0	37	15.22	2431
2	34	1210.9409265209006	4	40	10	right	right	1	48	15.34	3129
2	35	1843.3652132460554	4	40	10	left	left	1	150	15.244	9840
2	36	358.9584606587076	4	40	10	left	left	1	27	15.625	1728
2	37	2182.4417617295567	4	40	10	right	left	0	43	15.221	2825
2	38	589.8108667340914	4	40	10	left	left	1	22	15.288	1439
2	39	592.875064883681	4	40	10	left	left	1	58	14.676	3952
2	40	595.4156077587319	4	40	10	right	right	1	40	15.192	2633
3	1	209.60354695080036	4	40	10	left	right	0	46	15.338	2999
3	2	437.6951721140275	4	40	10	left	left	1	20	15.835	1263
3	3	633.5636295743641	4	40	10	right	right	1	130	15.242	8529
3	4	563.320778226321	4	40	10	left	left	1	28	15.453	1812
3	5	2672.338340039056	4	40	10	right	right	1	34	15.371	2212
3	6	743.0627443923545	4	40	10	right	right	1	70	15.207	4603
3	7	1301.7300848767134	4	40	10	left	right	0	73	15.314	4767
3	8	642.5255142983864	4	40	10	left	left	1	10	16.34	612
3	9	368.8716769814989	4	40	10	right	right	1	29	15.426	1880
3	10	790.7134756871751	4	40	10	right	left	0	13	15.606	833
3	11	430.5785610221259	4	40	10	left	left	1	54	15.271	3536
3	12	359.52462095866053	4	40	10	left	left	1	69	11.948	5775
3	13	1883.1584463144109	4	40	10	right	right	1	25	15.528	1610
3	14	758.9512022683297	4	40	10	left	left	1	42	15.228	2758
3	15	1095.8369028021164	4	40	10	right	right	1	79	15.189	5201
3	16	691.9798466564159	4	40	10	left	left	1	17	15.712	1082
3	17	1435.0480065829333	4	40	10	left	left	1	62	15.256	4064
3	18	305.57557350332735	4	40	10	left	left	1	42	15.385	2730
3	19	249.61359385458266	4	40	10	left	left	1	53	15.367	3449
3	20	929.4469537466463	4	40	10	right	right	1	97	15.249	6361
3	21	990.4835853136599	4	40	10	right	right	1	85	15.228	5582
3	22	442.5270835572679	4	40	10	right	left	0	60	15.259	3932
3	23	704.6973067346112	4	40	10	left	left	1	14	15.873	882
3	24	551.2757310416332	4	40	10	left	left	1	108	15.282	7067
3	25	1230.8687091983072	4	40	10	right	right	1	50	15.291	3270
3	26	515.8439932252174	4	40	10	right	right	1	19	15.103	1258
3	27	353.263576584646	4	40	10	left	left	1	25	15.404	1623
3	28	988.2433332856986	4	40	10	right	right	1	15	15.06	996
3	29	249.7664477491962	4	40	10	right	right	1	26	15.43	1685
3	30	498.5175874335453	4	40	10	left	left	1	23	15.797	1456
3	31	984.230204948876	4	40	10	left	left	1	31	15.446	2007
3	32	720.1697612113016	4	40	10	right	right	1	40	15.203	2631
3	33	340.9750910434958	4	40	10	right	right	1	46	15.441	2979
3	34	674.0366132611979	4	40	10	right	right	1	31	15.385	2015
3	35	395.56711040278685	4	40	10	left	left	1	40	15.14	2642
3	36	844.1032210358378	4	40	10	left	left	1	31	15.196	2040
3	37	763.1910446243401	4	40	10	right	right	1	92	15.282	6020
3	38	943.1861404957675	4	40	10	left	left	1	40	15.51	2579
3	39	206.78096319415357	4	40	10	right	left	0	36	15.326	2349
3	40	1890.9474875130363	4	40	10	right	right	1	60	15.279	3927
4	1	246.38140081412377	4	40	10	right	right	1	14	15.66	894
4	2	213.62426395022567	4	40	10	left	left	1	18	15.398	1169
4	3	689.0193345946625	4	40	10	right	right	1	36	15.216	2366
4	4	655.6197891006309	4	40	10	right	right	1	40	15.291	2616
4	5	238.86010342548315	4	40	10	right	right	1	49	15.375	3187
4	6	1176.886736776703	4	40	10	left	left	1	25	15.557	1607
4	7	853.8872246778171	4	40	10	left	left	1	79	15.266	5175
4	8	340.64162881603954	4	40	10	right	right	1	34	15.364	2213
4	9	2331.2434739868627	4	40	10	right	right	1	126	15.228	8274
4	10	1200.2446356565083	4	40	10	right	right	1	84	15.19	5530
4	11	3133.7115393669133	4	40	10	left	left	1	21	15.351	1368
4	12	621.6512889260453	4	40	10	left	left	1	138	15.24	9055
4	13	995.4323482933	4	40	10	right	left	0	76	15.246	4985
4	14	420.70281071350297	4	40	10	left	left	1	66	15.197	4343
4	15	607.7846806191249	4	40	10	left	left	1	37	15.385	2405
4	16	542.0263889968196	4	40	10	right	right	1	29	15.199	1908
4	17	264.21406385022226	4	40	10	right	right	1	49	15.414	3179
4	18	1394.8947531455478	4	40	10	right	left	0	64	15.155	4223
4	19	370.1718603944445	4	40	10	left	left	1	82	15.256	5375
4	20	661.96477811936	4	40	10	right	right	1	33	15.172	2175
4	21	316.80861208858045	4	40	10	left	left	1	60	15.353	3908
4	22	561.6882904868493	4	40	10	right	right	1	76	15.176	5008
4	23	348.6888877782187	4	40	10	left	left	1	131	15.195	8621
4	24	250.07955990384866	4	40	10	right	right	1	172	15.21	11308
4	25	549.7503681691705	4	40	10	right	right	1	26	15.376	1691
4	26	1972.495284463448	4	40	10	right	right	1	23	15.202	1513
4	27	2379.4695263698936	4	40	10	left	left	1	49	15.419	3178
4	28	258.8891204951092	4	40	10	left	left	1	85	15.296	5557
4	29	345.2022205285826	4	40	10	left	right	0	101	15.261	6618
4	30	338.8536596952362	4	40	10	right	left	0	10	15.924	628
4	31	422.49812702046495	4	40	10	left	left	1	13	15.495	839
4	32	201.21555187626848	4	40	10	left	left	1	24	15.464	1552
4	33	789.3295542181722	4	40	10	right	right	1	10	16.313	613
4	34	286.56266482385274	4	40	10	left	left	1	13	15.458	841
4	35	911.6092514455576	4	40	10	right	right	1	21	15.475	1357
4	36	294.273495064386	4	40	10	left	left	1	51	15.348	3323
4	37	692.4849545605387	4	40	10	left	left	1	36	15.339	2347
4	38	446.86489318704815	4	40	10	right	right	1	66	15.278	4320
4	39	1019.2967567408094	4	40	10	left	left	1	44	15.406	2856
4	40	841.6164586341524	4	40	10	left	left	1	69	14.753	4677
