
blkNum	trlNum	randomStimulusOnsetTime	coherentDots	numberofDots	percentCoherence	winningDirection	response	correct	eventCount	averageFrameRate	RT
1	1	769.8617452131323	4	40	10	left	left	1	11	16.105	683
1	2	1168.0469596723476	4	40	10	right	right	1	10	16.667	600
1	3	3286.0880783051366	4	40	10	left	left	1	9	15.437	583
1	4	1841.5610130084958	4	40	10	right	right	1	10	16.447	608
1	5	418.7705975117579	4	40	10	right	left	0	12	15.979	751
1	6	1191.241143425299	4	40	10	right	right	1	12	15.831	758
1	7	1077.1276966853725	4	40	10	left	left	1	9	15.437	583
1	8	980.1028239845585	4	40	10	left	left	1	8	16.36	489
1	9	1272.9566991073127	4	40	10	right	right	1	9	15.845	568
1	10	374.3656499161028	4	40	10	right	right	1	10	15.337	652
1	11	872.4365654373021	4	40	10	left	left	1	7	16.018	437
1	12	1365.3750991212796	4	40	10	right	right	1	10	16.026	624
1	13	1037.6851598871228	4	40	10	left	left	1	8	17.241	464
1	14	849.0550855948406	4	40	10	right	right	1	8	16.529	484
1	15	341.5052055209933	4	40	10	left	left	1	10	16.584	603
1	16	213.26152045595325	4	40	10	left	right	0	10	16.207	617
1	17	925.3478294718475	4	40	10	right	right	1	8	15.152	528
1	18	714.6487371485401	4	40	10	left	left	1	9	15.228	591
1	19	381.9754374484883	4	40	10	left	left	1	10	16.474	607
1	20	2434.520312169622	4	40	10	right	right	1	12	16.194	741
1	21	2034.1391766459863	4	40	10	right	right	1	9	15.491	581
1	22	1399.3379723067162	4	40	10	left	right	0	14	15.819	885
1	23	408.3955976201445	4	40	10	right	right	1	11	16.541	665
1	24	785.2986441413053	4	40	10	right	right	1	9	15.929	565
1	25	304.69829225452554	4	40	10	left	left	1	10	15.748	635
1	26	1517.8744076848286	4	40	10	left	left	1	12	15.645	767
1	27	741.3944323681825	4	40	10	left	right	0	8	15.686	510
1	28	798.2763449950177	4	40	10	right	right	1	12	15.228	788
1	29	950.6166983536342	4	40	10	left	left	1	11	16.32	674
1	30	1308.5626340046376	4	40	10	right	right	1	12	15.385	780
1	31	1090.8815282618812	4	40	10	right	right	1	8	16.36	489
1	32	1281.0795554341362	4	40	10	right	right	1	9	16.304	552
1	33	658.1163396701314	4	40	10	left	left	1	8	15.504	516
1	34	1158.0721240376492	4	40	10	left	left	1	9	15.957	564
1	35	603.3569466012473	4	40	10	left	left	1	9	15.734	572
1	36	200.1341004041036	4	40	10	right	right	1	8	15.748	508
1	37	964.1985510521622	4	40	10	right	right	1	10	16.393	610
1	38	375.4037276308652	4	40	10	right	right	1	9	17.045	528
1	39	1939.4767392427648	4	40	10	left	left	1	15	15.974	939
1	40	1514.8171566950357	4	40	10	left	left	1	8	16.598	482
2	1	1332.3762898241137	4	40	10	left	right	0	8	15.564	514
2	2	877.2181078914452	4	40	10	left	left	1	12	16.064	747
2	3	543.0949049409487	4	40	10	right	right	1	9	16.014	562
2	4	575.5244231393579	4	40	10	right	right	1	8	15.18	527
2	5	1240.0727937498455	4	40	10	right	right	1	10	16.722	598
2	6	541.2383559006466	4	40	10	left	left	1	9	15.228	591
2	7	965.6395167116157	4	40	10	right	right	1	11	15.342	717
2	8	557.1046807466255	4	40	10	right	right	1	10	16.155	619
2	9	659.9172902295622	4	40	10	left	left	1	14	16.166	866
2	10	696.6819146705864	4	40	10	left	left	1	13	15.495	839
2	11	290.1371836185733	4	40	10	left	left	1	10	15.949	627
2	12	337.10391303226584	4	40	10	left	left	1	11	15.449	712
2	13	1649.1620380794236	4	40	10	right	right	1	9	15.571	578
2	14	626.5597831897161	4	40	10	right	left	0	8	15.968	501
2	15	434.6853837113832	4	40	10	left	left	1	8	15.564	514
2	16	201.74867093463527	4	40	10	right	left	0	13	15.644	831
2	17	582.4438384837083	4	40	10	left	left	1	9	16.514	545
2	18	721.032866520723	4	40	10	left	left	1	9	15.177	593
2	19	330.6410322665074	4	40	10	left	left	1	12	15.345	782
2	20	491.34067044098333	4	40	10	right	right	1	12	15.404	779
2	21	700.9781445549497	4	40	10	right	right	1	15	15.707	955
2	22	823.34021466587	4	40	10	left	left	1	16	15.459	1035
2	23	308.4101962578384	4	40	10	right	right	1	14	15.59	898
2	24	417.32803554648797	4	40	10	right	right	1	11	16.616	662
2	25	220.65132389180943	4	40	10	left	left	1	12	15.209	789
2	26	220.41372386316402	4	40	10	left	left	1	10	15.823	632
2	27	607.8035867923263	4	40	10	left	left	1	10	16.287	614
2	28	1720.7989288293063	4	40	10	right	right	1	12	16.194	741
2	29	309.863010561029	4	40	10	left	left	1	14	16.279	860
2	30	505.6987361089446	4	40	10	right	right	1	18	15.531	1159
2	31	1064.2978690631667	4	40	10	left	left	1	11	15.692	701
2	32	203.67622403988162	4	40	10	right	right	1	11	15.647	703
2	33	666.7517616011555	4	40	10	right	right	1	10	16.367	611
2	34	713.1435159406901	4	40	10	right	right	1	13	15.134	859
2	35	563.606335412638	4	40	10	right	left	0	9	16.158	557
2	36	1050.1625759114445	4	40	10	left	left	1	10	16.722	598
2	37	406.4012966262092	4	40	10	right	left	0	9	15.437	583
2	38	291.0547849279935	4	40	10	left	left	1	10	16	625
2	39	331.34046579035396	4	40	10	left	left	1	13	15.99	813
2	40	505.8617025087423	4	40	10	right	left	0	11	16.2	679
3	1	1152.6792877151343	4	40	10	right	left	0	7	15.801	443
3	2	2251.247875983945	4	40	10	left	left	1	8	15.905	503
3	3	639.386591870521	4	40	10	right	right	1	12	15.326	783
3	4	384.21620752772486	4	40	10	left	left	1	10	15.674	638
3	5	706.8487510553804	4	40	10	right	left	0	15	16.112	931
3	6	309.9390785574557	4	40	10	left	left	1	10	15.848	631
3	7	354.4244434336341	4	40	10	right	left	0	11	15.152	726
3	8	985.9728124868036	4	40	10	right	right	1	10	16.077	622
3	9	314.00308194699335	4	40	10	right	right	1	11	16.296	675
3	10	3029.94175024525	4	40	10	left	left	1	9	16.822	535
3	11	349.3619670151595	4	40	10	left	right	0	10	16	625
3	12	1924.675853481791	4	40	10	left	left	1	8	16.701	479
3	13	873.8085131618335	4	40	10	right	right	1	9	15.28	589
3	14	789.2802659688123	4	40	10	right	right	1	9	15.411	584
3	15	1156.1172031585052	4	40	10	right	right	1	8	16.736	478
3	16	703.1348887694021	4	40	10	right	right	1	10	15.898	629
3	17	288.75245861947224	4	40	10	right	right	1	19	15.86	1198
3	18	2288.889879682121	4	40	10	left	left	1	8	16.701	479
3	19	667.426070316028	4	40	10	left	left	1	8	16.129	496
3	20	1102.4278585712677	4	40	10	left	left	1	7	16.317	429
3	21	975.561850618007	4	40	10	left	left	1	11	15.299	719
3	22	418.8078242397611	4	40	10	right	right	1	12	16.151	743
3	23	1276.7170545163451	4	40	10	right	right	1	8	15.504	516
3	24	1136.8516132438765	4	40	10	left	left	1	8	16.495	485
3	25	795.3410969264378	4	40	10	right	right	1	9	15.873	567
3	26	224.5163283597315	4	40	10	left	left	1	9	15.986	563
3	27	299.35153118285314	4	40	10	left	left	1	9	16.822	535
3	28	211.18713897561761	4	40	10	right	left	0	8	15.936	502
3	29	651.0450565538458	4	40	10	left	left	1	9	15.411	584
3	30	490.4189093519583	4	40	10	right	right	1	9	16.071	560
3	31	333.1991679423288	4	40	10	left	left	1	9	15.707	573
3	32	222.0116836715308	4	40	10	left	left	1	9	15.28	589
3	33	434.9416588639071	4	40	10	right	right	1	9	15.491	581
3	34	1315.618411329769	4	40	10	left	left	1	9	15.734	572
3	35	622.6381359768204	4	40	10	right	left	0	8	16.598	482
3	36	1861.6814714642069	4	40	10	right	right	1	11	16.153	681
3	37	228.66989822914007	4	40	10	left	left	1	10	15.723	636
3	38	211.9950998834344	4	40	10	left	right	0	11	16.393	671
3	39	1158.3728445989796	4	40	10	left	left	1	7	16.667	420
3	40	425.71536342056186	4	40	10	right	right	1	9	16.917	532
4	1	272.57353443218295	4	40	10	right	left	0	12	16.151	743
4	2	883.8023400184505	4	40	10	right	right	1	8	16.736	478
4	3	773.1115764012422	4	40	10	right	left	0	6	16.667	360
4	4	361.10337716879667	4	40	10	right	right	1	11	16.541	665
4	5	405.39872397160764	4	40	10	left	left	1	8	15.385	520
4	6	630.7311015989071	4	40	10	right	right	1	9	16.605	542
4	7	701.2610087235589	4	40	10	left	left	1	11	15.214	723
4	8	606.3140423196148	4	40	10	left	left	1	8	15.686	510
4	9	449.8442950290872	4	40	10	right	right	1	7	16.471	425
4	10	1487.6376334311576	4	40	10	left	left	1	7	16.055	436
4	11	2215.9400274492127	4	40	10	left	left	1	9	16.071	560
4	12	498.6387285542066	4	40	10	right	right	1	9	15.679	574
4	13	392.20539463669604	4	40	10	right	right	1	10	15.723	636
4	14	1300.5270619037053	4	40	10	left	left	1	8	16.598	482
4	15	918.1615290576102	4	40	10	right	left	0	7	15.317	457
4	16	1070.2593923304557	4	40	10	left	left	1	8	16.327	490
4	17	316.40824246731665	4	40	10	left	left	1	11	16.418	670
4	18	1293.0419517364728	4	40	10	left	left	1	8	15.968	501
4	19	2583.0743765221832	4	40	10	right	left	0	7	15.59	449
4	20	397.5916232654399	4	40	10	left	left	1	9	16.76	537
4	21	314.18908655343864	4	40	10	right	left	0	8	15.152	528
4	22	438.710017687922	4	40	10	left	left	1	10	16.26	615
4	23	1447.9336439542228	4	40	10	right	left	0	8	16.194	494
4	24	323.1222041939988	4	40	10	left	left	1	9	16.544	544
4	25	440.4871622428022	4	40	10	left	left	1	11	15.759	698
4	26	303.8284062219485	4	40	10	left	left	1	10	16.313	613
4	27	449.543729173546	4	40	10	left	left	1	8	16.461	486
4	28	511.96422943624464	4	40	10	right	right	1	10	15.175	659
4	29	1161.4148666296087	4	40	10	right	right	1	12	15.287	785
4	30	1700.0243922369978	4	40	10	right	right	1	15	15.674	957
4	31	1512.907936866092	4	40	10	right	right	1	11	16.467	668
4	32	410.18606603934796	4	40	10	right	right	1	8	16.878	474
4	33	604.3505077865129	4	40	10	left	left	1	9	16.275	553
4	34	1669.1118022537883	4	40	10	right	right	1	9	15.625	576
4	35	1270.5488189044117	4	40	10	left	right	0	11	15.942	690
4	36	688.8665243116266	4	40	10	right	right	1	13	15.951	815
4	37	1093.6804364680747	4	40	10	left	left	1	9	16.423	548
4	38	1948.0821914410062	4	40	10	left	left	1	8	15.842	505
4	39	2189.654513106237	4	40	10	left	left	1	14	15.59	898
4	40	376.3068868141288	4	40	10	right	right	1	10	16.42	609
