
blkNum	trlNum	randomStimulusOnsetTime	coherentDots	numberofDots	percentCoherence	winningDirection	response	correct	eventCount	averageFrameRate	RT
1	1	1025.659125375012	4	40	10	left	left	1	21	15.602	1346
1	2	674.7351911514907	4	40	10	left	right	0	16	15.414	1038
1	3	582.0298813636384	4	40	10	left	left	1	10	15.974	626
1	4	1355.422081545032	4	40	10	right	left	0	29	15.088	1922
1	5	357.4445410312293	4	40	10	right	left	0	31	15.005	2066
1	6	335.4661314264457	4	40	10	right	right	1	15	15.06	996
1	7	434.52478343410587	4	40	10	right	left	0	17	15.018	1132
1	8	1045.321542809173	4	40	10	right	right	1	8	15.968	501
1	9	1162.7722467768276	4	40	10	right	right	1	29	15.255	1901
1	10	567.1626516573401	4	40	10	left	right	0	7	16.018	437
1	11	253.49593950181568	4	40	10	left	left	1	26	15.321	1697
1	12	2980.465102559752	4	40	10	right	right	1	20	15.015	1332
1	13	388.33662107232	4	40	10	right	right	1	11	15.805	696
1	14	1093.705476222126	4	40	10	right	right	1	7	15.909	440
1	15	1618.0969731667276	4	40	10	left	right	0	12	14.925	804
1	16	246.72399169521321	4	40	10	left	left	1	13	15.294	850
1	17	632.1310026959889	4	40	10	right	left	0	24	15.444	1554
1	18	898.9565843659121	4	40	10	right	right	1	7	15.351	456
1	19	542.2052305036771	4	40	10	right	left	0	33	15.264	2162
1	20	234.8365710159664	4	40	10	left	right	0	10	14.948	669
1	21	2449.409528654176	4	40	10	left	left	1	10	15.408	649
1	22	1273.1519806518504	4	40	10	right	left	0	9	15.358	586
1	23	1261.898230477523	4	40	10	left	left	1	31	15.034	2062
1	24	401.2926031520343	4	40	10	left	left	1	15	15.576	963
1	25	1130.237978725418	4	40	10	left	left	1	15	15.69	956
1	26	891.0817365733205	4	40	10	right	right	1	16	15.474	1034
1	27	1120.3223103310015	4	40	10	right	left	0	15	15	1000
1	28	483.4900815167593	4	40	10	right	right	1	9	15.228	591
1	29	550.9148855191249	4	40	10	left	left	1	15	15.806	949
1	30	429.66670431327873	4	40	10	left	right	0	10	16.129	620
1	31	1084.097765495849	4	40	10	right	left	0	14	15.368	911
1	32	1648.1279914652323	4	40	10	left	right	0	16	14.981	1068
1	33	1970.2042354643413	4	40	10	left	right	0	25	15.413	1622
1	34	937.5796674964657	4	40	10	right	left	0	10	15.848	631
1	35	475.1340945526031	4	40	10	left	left	1	10	15.823	632
1	36	1014.4952675278483	4	40	10	left	left	1	11	15.737	699
1	37	262.56572838554575	4	40	10	left	left	1	9	16.636	541
1	38	575.741964370972	4	40	10	left	left	1	8	16.913	473
1	39	719.0743001899508	4	40	10	right	left	0	6	16.043	374
1	40	238.7465972710723	4	40	10	right	right	1	7	16.667	420
2	1	231.05863669477475	4	40	10	left	left	1	12	15.605	769
2	2	1913.8884394200393	4	40	10	right	left	0	9	15.625	576
2	3	1710.716946669736	4	40	10	right	right	1	9	16.544	544
2	4	801.4054784969804	4	40	10	right	right	1	11	16.248	677
2	5	887.7011562438978	4	40	10	left	left	1	10	15.48	646
2	6	763.0024335476255	4	40	10	right	right	1	10	16.313	613
2	7	998.3937768836043	4	40	10	left	left	1	10	15.723	636
2	8	2534.6885398387276	4	40	10	right	right	1	8	16.563	483
2	9	349.08021061314025	4	40	10	left	left	1	9	14.975	601
2	10	210.1117019492286	4	40	10	left	right	0	11	15.342	717
2	11	1003.219452422252	4	40	10	right	left	0	13	15.169	857
2	12	2052.582424113072	4	40	10	right	right	1	7	15.184	461
2	13	1598.038511938875	4	40	10	left	right	0	8	16.064	498
2	14	1738.2718016170495	4	40	10	right	right	1	13	15.029	865
2	15	2460.2106628336815	4	40	10	left	left	1	9	15.491	581
2	16	895.4210127622375	4	40	10	right	right	1	8	14.898	537
2	17	1438.1801184985027	4	40	10	left	left	1	7	15.385	455
2	18	1226.5514753003401	4	40	10	left	right	0	7	17.157	408
2	19	522.9250854531199	4	40	10	left	right	0	13	16.03	811
2	20	2173.2901232196286	4	40	10	left	left	1	13	16.03	811
2	21	1122.0070582182802	4	40	10	left	left	1	10	15.198	658
2	22	777.6616436316523	4	40	10	right	left	0	10	15.798	633
2	23	742.9061871937205	4	40	10	right	right	1	7	15.021	466
2	24	353.0822094011187	4	40	10	left	right	0	14	15.784	887
2	25	319.2747607008672	4	40	10	right	left	0	23	15.142	1519
2	26	205.34174576948573	4	40	10	left	right	0	24	15.326	1566
2	27	325.13585765585606	4	40	10	left	right	0	30	14.948	2007
2	28	453.7266146573778	4	40	10	right	left	0	11	15.737	699
2	29	503.4224593914642	4	40	10	right	left	0	15	15.369	976
2	30	1350.1061664532222	4	40	10	right	right	1	22	15.352	1433
2	31	602.34849501635	4	40	10	right	right	1	11	16.345	673
2	32	1547.5644779032268	4	40	10	left	right	0	15	15.369	976
2	33	930.8749638007608	4	40	10	right	right	1	26	15.24	1706
2	34	1485.845660540626	4	40	10	left	right	0	10	16.051	623
2	35	969.7213301789067	4	40	10	left	left	1	9	16.275	553
2	36	273.29512613523167	4	40	10	left	left	1	9	15.101	596
2	37	1496.7863511289622	4	40	10	right	left	0	8	15.355	521
2	38	2405.207493586865	4	40	10	left	right	0	6	16.901	355
2	39	1995.6492068091004	4	40	10	right	right	1	12	15.666	766
2	40	209.39403149564023	4	40	10	right	right	1	7	16.432	426
3	1	483.9129524693354	4	40	10	left	left	1	13	16.069	809
3	2	821.074093687121	4	40	10	left	left	1	9	15.625	576
3	3	964.5781394926165	4	40	10	left	left	1	7	16.548	423
3	4	1091.0174668497039	4	40	10	right	left	0	8	16.807	476
3	5	1249.6284536953297	4	40	10	right	right	1	7	15.054	465
3	6	814.531213774085	4	40	10	left	left	1	10	15.106	662
3	7	398.6355048102139	4	40	10	left	right	0	7	17.327	404
3	8	1262.3573511231816	4	40	10	right	right	1	14	15.152	924
3	9	207.3721761230277	4	40	10	left	right	0	11	15.782	697
3	10	1085.731015450224	4	40	10	left	left	1	7	15.217	460
3	11	1206.1995527650279	4	40	10	right	left	0	11	15.235	722
3	12	684.0286010009086	4	40	10	right	right	1	7	14.957	468
3	13	1745.294806337375	4	40	10	right	right	1	9	15.332	587
3	14	218.2168374241803	4	40	10	right	right	1	8	15.18	527
3	15	617.4068666494653	4	40	10	right	right	1	12	16.064	747
3	16	1444.2479388832428	4	40	10	right	left	0	26	15.214	1709
3	17	504.0479488687127	4	40	10	right	right	1	10	15.408	649
3	18	339.183841326428	4	40	10	right	right	1	7	15.909	440
3	19	737.2660070419765	4	40	10	right	right	1	12	15.748	762
3	20	322.0898232598806	4	40	10	left	right	0	7	15.317	457
3	21	352.48751827158486	4	40	10	left	left	1	12	15.019	799
3	22	1042.6444635093067	4	40	10	left	left	1	8	15.936	502
3	23	554.327948597764	4	40	10	right	left	0	7	16.355	428
3	24	1205.283800522053	4	40	10	left	right	0	7	15.453	453
3	25	726.9081090752331	4	40	10	right	left	0	9	15.734	572
3	26	418.3772776911991	4	40	10	right	left	0	11	15.965	689
3	27	212.96693934240378	4	40	10	right	left	0	9	15.228	591
3	28	1409.8417773186497	4	40	10	left	left	1	18	15.639	1151
3	29	691.3741753101779	4	40	10	right	left	0	12	15.267	786
3	30	262.8324018035025	4	40	10	left	right	0	7	15.152	462
3	31	289.24362622580605	4	40	10	right	right	1	38	15.038	2527
3	32	762.1256561330032	4	40	10	left	right	0	20	15.516	1289
3	33	1427.5604245789293	4	40	10	left	left	1	16	15.37	1041
3	34	434.7941182665199	4	40	10	right	right	1	27	15.033	1796
3	35	352.40620499366787	4	40	10	left	right	0	10	15.314	653
3	36	547.6800849845245	4	40	10	left	left	1	7	16.471	425
3	37	283.46393130941027	4	40	10	left	left	1	8	15.414	519
3	38	3608.584160682102	4	40	10	left	left	1	10	14.925	670
3	39	540.2283634651897	4	40	10	right	left	0	8	16.427	487
3	40	1103.4740302856744	4	40	10	left	right	0	8	16.032	499
4	1	510.5018030712982	4	40	10	right	left	0	27	15.429	1750
4	2	395.8954801469432	4	40	10	left	left	1	15	14.955	1003
4	3	1791.5557473356487	4	40	10	right	left	0	8	15.094	530
4	4	395.68722576222956	4	40	10	left	right	0	23	15.447	1489
4	5	1101.0377138968897	4	40	10	left	left	1	12	16.043	748
4	6	552.1724713980559	4	40	10	right	left	0	9	15.025	599
4	7	226.58032384717	4	40	10	right	right	1	23	15.003	1533
4	8	229.19952404918013	4	40	10	left	right	0	15	15.167	989
4	9	1686.6715229255587	4	40	10	left	left	1	12	15.365	781
4	10	318.8231616545252	4	40	10	right	left	0	9	15.707	573
4	11	1432.0956541286312	4	40	10	right	right	1	16	15.459	1035
4	12	725.8755953945483	4	40	10	left	right	0	8	15.209	526
4	13	349.5609034926551	4	40	10	right	right	1	11	15.449	712
4	14	457.71883956032497	4	40	10	left	right	0	10	15.152	660
4	15	2481.613401465702	4	40	10	right	left	0	16	15.296	1046
4	16	3013.0791301494555	4	40	10	left	right	0	12	14.907	805
4	17	568.3121720547575	4	40	10	right	left	0	12	15.484	775
4	18	341.4368692433779	4	40	10	left	left	1	13	15.815	822
4	19	672.7947722910312	4	40	10	left	left	1	12	15.564	771
4	20	796.8781362597546	4	40	10	right	left	0	21	14.989	1401
4	21	700.3814733095434	4	40	10	right	right	1	14	15.521	902
4	22	374.70379781202075	4	40	10	left	right	0	20	15.198	1316
4	23	1876.954340974629	4	40	10	right	left	0	11	16.369	672
4	24	2833.2690889815804	4	40	10	right	right	1	13	15.951	815
4	25	865.5704087390789	4	40	10	left	left	1	35	15.378	2276
4	26	1977.99447376271	4	40	10	right	right	1	15	15.06	996
4	27	415.507014251702	4	40	10	left	right	0	12	16.086	746
4	28	524.3771133379857	4	40	10	left	right	0	12	15.936	753
4	29	974.390362496429	4	40	10	right	left	0	10	16.234	616
4	30	728.943599932872	4	40	10	left	right	0	13	15.276	851
4	31	1173.4945079920353	4	40	10	left	right	0	14	15.538	901
4	32	339.9064706524449	4	40	10	left	right	0	12	15.404	779
4	33	3290.23119207393	4	40	10	right	left	0	20	15.601	1282
4	34	482.0450067605433	4	40	10	right	right	1	17	15.497	1097
4	35	472.065258645721	4	40	10	right	right	1	9	15.28	589
4	36	277.07350986635385	4	40	10	right	right	1	9	16.453	547
4	37	1160.3930817282744	4	40	10	left	right	0	9	15.957	564
4	38	1826.133702203251	4	40	10	right	left	0	10	16.155	619
4	39	457.7156929876952	4	40	10	left	left	1	10	15.385	650
4	40	478.20775830580254	4	40	10	left	right	0	12	15.727	763
