
blkNum	trlNum	randomStimulusOnsetTime	coherentDots	numberofDots	percentCoherence	winningDirection	response	correct	eventCount	averageFrameRate	RT
1	1	656.8563401459278	4	40	10	right	right	1	73	15.148	4819
1	2	276.04930242461126	4	40	10	right	right	1	75	15.331	4892
1	3	213.0494330347428	4	40	10	right	right	1	42	15.475	2714
1	4	954.4902338863834	4	40	10	left	left	1	48	15.434	3110
1	5	703.1456963797639	4	40	10	left	left	1	22	15.439	1425
1	6	503.05107764483245	4	40	10	right	right	1	15	15.244	984
1	7	503.49477142737226	4	40	10	right	right	1	36	15.578	2311
1	8	241.9234307144815	4	40	10	left	left	1	17	15.625	1088
1	9	1967.4851752162397	4	40	10	left	left	1	60	15.369	3904
1	10	813.605670644974	4	40	10	right	right	1	28	15.326	1827
1	11	429.6363108659957	4	40	10	right	right	1	38	15.31	2482
1	12	383.35934350773937	4	40	10	right	right	1	44	15.193	2896
1	13	3258.8895976025824	4	40	10	left	right	0	87	15.303	5685
1	14	699.3685056438378	4	40	10	left	left	1	23	15.646	1470
1	15	468.67332701849966	4	40	10	right	right	1	50	15.193	3291
1	16	446.3345987090532	4	40	10	right	right	1	31	15.248	2033
1	17	980.7725534474255	4	40	10	right	right	1	43	15.385	2795
1	18	2528.273213402734	4	40	10	right	right	1	31	15.256	2032
1	19	1082.8404192509497	4	40	10	left	left	1	24	15.404	1558
1	20	970.3696483793645	4	40	10	right	right	1	54	15.181	3557
1	21	443.16983349159773	4	40	10	right	right	1	42	15.323	2741
1	22	621.2685102780079	4	40	10	left	left	1	21	15.239	1378
1	23	1298.0025686080105	4	40	10	right	right	1	26	15.357	1693
1	24	1157.9701825479924	4	40	10	right	right	1	29	15.271	1899
1	25	399.2633278832447	4	40	10	left	left	1	48	15.224	3153
1	26	967.3644961413929	4	40	10	left	left	1	35	15.453	2265
1	27	539.3014363954828	4	40	10	left	left	1	67	15.374	4358
1	28	472.88953426397126	4	40	10	left	left	1	18	15.957	1128
1	29	682.6090158023667	4	40	10	left	left	1	32	15.437	2073
1	30	832.9656278278871	4	40	10	left	left	1	37	15.226	2430
1	31	253.1491921885871	4	40	10	left	left	1	21	15.407	1363
1	32	1621.1755891646244	4	40	10	left	left	1	16	15.195	1053
1	33	626.4026810187008	4	40	10	left	left	1	42	15.273	2750
1	34	801.0462501042916	4	40	10	left	left	1	28	15.226	1839
1	35	267.08270956710555	4	40	10	left	left	1	35	15.371	2277
1	36	654.2393869680087	4	40	10	left	left	1	77	15.223	5058
1	37	629.0874240192848	4	40	10	right	right	1	45	15.228	2955
1	38	717.0704226755688	4	40	10	right	right	1	29	15.591	1860
1	39	2147.2290339593537	4	40	10	right	right	1	45	15.464	2910
1	40	1148.27820244657	4	40	10	right	right	1	131	15.268	8580
2	1	341.11267663595004	4	40	10	right	right	1	66	15.221	4336
2	2	371.3099948688704	4	40	10	right	right	1	16	15.905	1006
2	3	907.3281472390006	4	40	10	left	left	1	13	15.24	853
2	4	657.4984046114405	4	40	10	right	right	1	19	15.833	1200
2	5	1537.3706910215824	4	40	10	right	right	1	15	15.907	943
2	6	524.7072655877683	4	40	10	right	right	1	65	15.374	4228
2	7	341.5416209356153	4	40	10	left	left	1	48	15.171	3164
2	8	2418.0516087900046	4	40	10	left	left	1	28	15.359	1823
2	9	851.5229458487674	4	40	10	left	left	1	16	15.686	1020
2	10	321.85952721960354	4	40	10	right	right	1	38	15.329	2479
2	11	1623.413438333938	4	40	10	left	left	1	17	15.483	1098
2	12	640.6579246976914	4	40	10	right	right	1	22	15.46	1423
2	13	398.5591605116985	4	40	10	right	right	1	41	15.247	2689
2	14	1449.4681129775302	4	40	10	left	left	1	29	15.175	1911
2	15	853.1751991300571	4	40	10	right	right	1	41	15.191	2699
2	16	2006.2206977280669	4	40	10	right	right	1	27	15.535	1738
2	17	621.2896827467678	4	40	10	left	left	1	19	15.599	1218
2	18	364.10668435481466	4	40	10	left	left	1	32	15.587	2053
2	19	1309.7872734531015	4	40	10	right	right	1	37	15.391	2404
2	20	1594.7217056143184	4	40	10	right	right	1	47	15.43	3046
2	21	717.3896963402898	4	40	10	left	left	1	19	15.807	1202
2	22	257.80450390034713	4	40	10	right	right	1	24	15.316	1567
2	23	968.6727789693167	4	40	10	left	left	1	17	15.511	1096
2	24	1045.9352268255811	4	40	10	left	left	1	59	15.253	3868
2	25	726.84245399276	4	40	10	right	right	1	14	16.018	874
2	26	727.3905887528017	4	40	10	left	left	1	13	16.069	809
2	27	456.04003827226836	4	40	10	left	left	1	15	15.512	967
2	28	1065.5584495378384	4	40	10	left	left	1	15	16.026	936
2	29	610.2867695696187	4	40	10	right	right	1	16	15.195	1053
2	30	1564.4936125025527	4	40	10	left	left	1	12	15.873	756
2	31	444.28583187620376	4	40	10	left	left	1	27	15.437	1749
2	32	1530.2336416805292	4	40	10	right	right	1	16	15.534	1030
2	33	779.73778835481	4	40	10	right	right	1	48	15.272	3143
2	34	253.8030502184536	4	40	10	left	left	1	16	16.097	994
2	35	226.10930964148017	4	40	10	right	right	1	18	15.437	1166
2	36	1199.7879579552668	4	40	10	left	left	1	27	15.203	1776
2	37	259.12318253657764	4	40	10	left	left	1	94	15.152	6204
2	38	407.1150042516157	4	40	10	right	right	1	36	15.564	2313
2	39	1033.497008677889	4	40	10	right	right	1	38	15.279	2487
2	40	468.7598171993339	4	40	10	left	left	1	14	16.26	861
3	1	529.3754463769642	4	40	10	left	left	1	102	15.276	6677
3	2	301.8954540236092	4	40	10	left	left	1	26	15.439	1684
3	3	2610.516333503776	4	40	10	left	left	1	21	15.66	1341
3	4	946.0879090493298	4	40	10	right	right	1	26	15.205	1710
3	5	427.97275414046214	4	40	10	left	left	1	12	15.19	790
3	6	1449.0518482329755	4	40	10	left	left	1	29	15.575	1862
3	7	478.1013775656707	4	40	10	right	right	1	18	15.817	1138
3	8	1496.7436237587867	4	40	10	right	right	1	49	15.199	3224
3	9	1058.2935319661542	4	40	10	left	left	1	28	15.368	1822
3	10	1632.0913455805137	4	40	10	right	right	1	40	15.244	2624
3	11	265.77771706126805	4	40	10	left	left	1	12	15.852	757
3	12	1000.094545268185	4	40	10	left	left	1	21	15.51	1354
3	13	399.68131820114263	4	40	10	right	right	1	13	16.27	799
3	14	1262.1565633018533	4	40	10	right	right	1	38	15.403	2467
3	15	258.14328260564764	4	40	10	left	left	1	14	15.695	892
3	16	2093.063740249761	4	40	10	left	right	0	19	15.176	1252
3	17	1077.5769287921407	4	40	10	right	right	1	22	15.246	1443
3	18	615.9017840671474	4	40	10	right	right	1	34	15.219	2234
3	19	2811.477015619116	4	40	10	right	right	1	57	15.397	3702
3	20	1574.3454447141262	4	40	10	right	left	0	21	15.695	1338
3	21	394.04393074513905	4	40	10	left	left	1	22	15.647	1406
3	22	467.65124641353856	4	40	10	right	right	1	18	15.477	1163
3	23	316.6553248476036	4	40	10	left	left	1	16	15.549	1029
3	24	1065.4518234649997	4	40	10	right	right	1	28	15.564	1799
3	25	476.75671013854253	4	40	10	left	left	1	26	15.43	1685
3	26	321.5325971392165	4	40	10	right	right	1	14	16.26	861
3	27	242.69209841033228	4	40	10	left	left	1	12	15.306	784
3	28	486.629293496881	4	40	10	right	right	1	37	15.353	2410
3	29	419.902436440771	4	40	10	right	right	1	18	15.693	1147
3	30	642.6837951949574	4	40	10	left	left	1	15	15.674	957
3	31	714.2596849493209	4	40	10	left	left	1	41	15.225	2693
3	32	235.40277551283344	4	40	10	right	right	1	14	15.284	916
3	33	1078.7979933653205	4	40	10	left	left	1	23	15.678	1467
3	34	354.17374393072515	4	40	10	right	right	1	14	15.385	910
3	35	1620.77149234021	4	40	10	right	right	1	19	15.46	1229
3	36	240.7422521176693	4	40	10	right	right	1	24	15.464	1552
3	37	591.164260774294	4	40	10	right	right	1	14	15.625	896
3	38	305.03499292551703	4	40	10	left	left	1	16	15.399	1039
3	39	493.8784892928102	4	40	10	left	left	1	41	15.236	2691
3	40	206.10671286561944	4	40	10	left	left	1	17	15.152	1122
4	1	712.8448264544809	4	40	10	right	right	1	63	15.273	4125
4	2	467.9073216425318	4	40	10	right	right	1	14	15.152	924
4	3	290.99618364559194	4	40	10	right	right	1	13	15.644	831
4	4	698.8552477282717	4	40	10	right	left	0	14	16.073	871
4	5	597.8285714333185	4	40	10	left	left	1	21	15.778	1331
4	6	1326.245511258255	4	40	10	left	left	1	12	15.248	787
4	7	1033.2557726578361	4	40	10	right	right	1	39	15.379	2536
4	8	1317.627928002959	4	40	10	left	left	1	12	15.444	777
4	9	2443.690209547551	4	40	10	right	right	1	37	15.385	2405
4	10	546.1941893801591	4	40	10	left	left	1	15	16.199	926
4	11	1582.1032800705054	4	40	10	left	left	1	14	16.129	868
4	12	956.3318665205138	4	40	10	right	right	1	22	15.225	1445
4	13	741.1400961886187	4	40	10	left	left	1	13	15.134	859
4	14	1382.742283693127	4	40	10	left	left	1	28	15.267	1834
4	15	533.4915259922955	4	40	10	right	right	1	23	15.333	1500
4	16	504.60941132446993	4	40	10	right	right	1	39	15.276	2553
4	17	241.61826273266288	4	40	10	right	right	1	72	15.309	4703
4	18	679.9441696375684	4	40	10	left	left	1	15	15.228	985
4	19	648.5472638129338	4	40	10	left	left	1	16	15.504	1032
4	20	898.5289402686614	4	40	10	left	left	1	13	16.291	798
4	21	485.2481100536762	4	40	10	left	left	1	10	16.103	621
4	22	462.31421013530036	4	40	10	left	left	1	10	16	625
4	23	1415.459771469811	4	40	10	right	left	0	14	15.453	906
4	24	316.15161214362695	4	40	10	left	left	1	14	15.695	892
4	25	1512.9324186057017	4	40	10	right	right	1	45	15.485	2906
4	26	240.49875719769665	4	40	10	right	right	1	19	15.847	1199
4	27	335.0452483130298	4	40	10	left	left	1	22	15.439	1425
4	28	625.2664316051964	4	40	10	right	right	1	20	15.244	1312
4	29	1133.2352324017606	4	40	10	left	left	1	14	15.855	883
4	30	1634.164924076359	4	40	10	right	right	1	29	15.376	1886
4	31	339.22458049163504	4	40	10	left	left	1	44	15.471	2844
4	32	1948.8336075450256	4	40	10	right	right	1	71	15.181	4677
4	33	285.7370772704734	4	40	10	right	right	1	22	15.771	1395
4	34	2465.2480993847144	4	40	10	left	left	1	15	15.907	943
4	35	3040.7723641659572	4	40	10	right	right	1	69	15.347	4496
4	36	446.13233482081705	4	40	10	left	left	1	13	15.312	849
4	37	1030.1611170736	4	40	10	left	left	1	16	15.952	1003
4	38	381.5747692215631	4	40	10	left	left	1	16	16.097	994
4	39	946.2969828159037	4	40	10	right	right	1	14	16.204	864
4	40	802.7058214208228	4	40	10	right	right	1	41	15.27	2685
