
blkNum	trlNum	randomStimulusOnsetTime	coherentDots	numberofDots	percentCoherence	winningDirection	response	correct	eventCount	averageFrameRate	RT
1	1	1443.0232890472753	4	40	10	left	left	1	260	15.157	17154
1	2	623.4580892137906	4	40	10	left	left	1	147	15.238	9647
1	3	1365.5301571101645	4	40	10	right	right	1	58	15.287	3794
1	4	479.9259250166791	4	40	10	left	left	1	68	15.291	4447
1	5	542.249927246041	4	40	10	left	right	0	52	15.147	3433
1	6	967.7233804402254	4	40	10	left	right	0	28	15.176	1845
1	7	368.76553012731256	4	40	10	left	left	1	20	15.361	1302
1	8	263.86435850926097	4	40	10	right	right	1	32	15.587	2053
1	9	479.84704923496787	4	40	10	right	right	1	75	15.213	4930
1	10	444.35772603739315	4	40	10	right	right	1	67	15.186	4412
1	11	916.5562408718904	4	40	10	right	right	1	29	15.207	1907
1	12	622.8247098531517	4	40	10	left	left	1	28	15.226	1839
1	13	655.8404125565619	4	40	10	left	left	1	46	15.318	3003
1	14	902.3054108657938	4	40	10	right	left	0	85	15.249	5574
1	15	929.680999068673	4	40	10	right	left	0	60	15.171	3955
1	16	328.75777097734556	4	40	10	right	left	0	73	15.262	4783
1	17	1216.7284076426292	4	40	10	left	right	0	78	15.157	5146
1	18	310.5156560196409	4	40	10	right	left	0	4	19.139	209
1	19	272.6003831073178	4	40	10	right	right	1	3	16.484	182
1	20	451.5143804354048	4	40	10	left	right	0	21	15.533	1352
1	21	1101.3128508833438	4	40	10	left	left	1	7	15.487	452
1	22	1672.5770797143189	4	40	10	right	right	1	17	15.343	1108
1	23	824.3855419047934	4	40	10	right	right	1	6	17.094	351
1	24	3228.2534475664625	4	40	10	left	left	1	11	16.012	687
1	25	1741.6908235057372	4	40	10	right	right	1	12	15.979	751
1	26	429.98330500436145	4	40	10	right	left	0	5	17.361	288
1	27	374.7246758322135	4	40	10	right	right	1	6	15.424	389
1	28	1245.4567760150362	4	40	10	left	right	0	5	15.198	329
1	29	360.58768566676866	4	40	10	left	left	1	11	15.471	711
1	30	258.85488777829767	4	40	10	right	right	1	19	15.599	1218
1	31	735.0327078220785	4	40	10	right	left	0	13	16.069	809
1	32	208.2927661549425	4	40	10	right	right	1	17	15.385	1105
1	33	344.49091381438643	4	40	10	right	right	1	15	15.593	962
1	34	2100.1237487384515	4	40	10	left	left	1	20	15.492	1291
1	35	801.3257140867304	4	40	10	left	left	1	25	15.442	1619
1	36	317.15335066581144	4	40	10	left	left	1	16	15.282	1047
1	37	599.3289244397256	4	40	10	left	left	1	16	15.474	1034
1	38	545.1274255001024	4	40	10	right	right	1	26	15.476	1680
1	39	936.8391173062869	4	40	10	left	left	1	19	15.82	1201
1	40	1761.6964578412098	4	40	10	left	left	1	25	15.509	1612
2	1	678.8307421435863	4	40	10	right	left	0	36	15.28	2356
2	2	316.92986071615184	4	40	10	right	right	1	21	15.66	1341
2	3	251.9532267557273	4	40	10	right	left	0	22	15.681	1403
2	4	310.5213281650918	4	40	10	right	right	1	3	20.979	143
2	5	1198.5483454967607	4	40	10	left	right	0	14	15.819	885
2	6	419.59789479094854	4	40	10	left	left	1	31	15.218	2037
2	7	529.585742742435	4	40	10	right	left	0	32	15.245	2099
2	8	947.2831405983068	4	40	10	right	right	1	10	15.504	645
2	9	365.6082889430186	4	40	10	right	left	0	9	15.358	586
2	10	501.4361342941237	4	40	10	left	right	0	6	16.854	356
2	11	249.46942974960928	4	40	10	left	right	0	3	19.608	153
2	12	1010.7076429367327	4	40	10	right	right	1	6	16.62	361
2	13	2103.1213483317542	4	40	10	right	right	1	7	16.949	413
2	14	2835.3982384507303	4	40	10	left	left	1	16	15.952	1003
2	15	1693.4826038848876	4	40	10	left	left	1	14	15.385	910
2	16	1947.3164441934364	4	40	10	left	left	1	19	15.9	1195
2	17	1625.2280467719274	4	40	10	right	right	1	23	15.467	1487
2	18	578.1304340784709	4	40	10	right	left	0	26	15.541	1673
2	19	325.8991189770127	4	40	10	right	right	1	22	15.526	1417
2	20	425.3432182912642	4	40	10	left	left	1	15	15.69	956
2	21	832.0969096650717	4	40	10	left	right	0	27	15.263	1769
2	22	1033.2856862500919	4	40	10	right	left	0	19	15.298	1242
2	23	298.64991734745144	4	40	10	left	left	1	6	15.544	386
2	24	805.4032460596318	4	40	10	left	left	1	14	15.251	918
2	25	2723.075775575693	4	40	10	right	left	0	6	16.62	361
2	26	1969.2043535539713	4	40	10	right	left	0	36	15.241	2362
2	27	323.2338187038158	4	40	10	left	left	1	26	15.644	1662
2	28	721.7331581473817	4	40	10	left	right	0	36	15.451	2330
2	29	433.60570321557395	4	40	10	right	right	1	61	15.152	4026
2	30	648.2249304324172	4	40	10	left	left	1	17	15.611	1089
2	31	1095.7192302937733	4	40	10	right	right	1	29	15.6	1859
2	32	1733.3991903138694	4	40	10	right	right	1	54	15.233	3545
2	33	749.5244734855617	4	40	10	left	right	0	36	15.457	2329
2	34	416.7175432378541	4	40	10	right	left	0	79	15.195	5199
2	35	1338.9445230242807	4	40	10	left	right	0	31	15.226	2036
2	36	1603.9993967047708	4	40	10	right	left	0	6	15.789	380
2	37	865.674006623746	4	40	10	left	left	1	9	16.575	543
2	38	299.09305495692433	4	40	10	left	right	0	11	16.105	683
2	39	909.4159046602617	4	40	10	left	left	1	7	16.018	437
2	40	535.7644436827427	4	40	10	left	left	1	18	15.332	1174
3	1	1408.4468271041899	4	40	10	right	left	0	29	15.239	1903
3	2	1892.372140372244	4	40	10	left	right	0	71	15.197	4672
3	3	716.0805824012605	4	40	10	left	left	1	22	15.548	1415
3	4	215.10894401084073	4	40	10	right	right	1	31	15.415	2011
3	5	788.138724278205	4	40	10	left	left	1	31	15.446	2007
3	6	781.0178275668859	4	40	10	right	right	1	39	15.252	2557
3	7	217.56465342762374	4	40	10	right	right	1	38	15.504	2451
3	8	1011.6329791422052	4	40	10	right	right	1	36	15.228	2364
3	9	933.6094205208321	4	40	10	right	right	1	42	15.212	2761
3	10	319.3226153890963	4	40	10	right	right	1	32	15.595	2052
3	11	1192.6761950563373	4	40	10	left	right	0	41	15.385	2665
3	12	574.0623412898235	4	40	10	right	right	1	36	15.319	2350
3	13	619.4317481408016	4	40	10	left	left	1	60	15.283	3926
3	14	697.0068757709695	4	40	10	right	left	0	39	15.24	2559
3	15	391.77611567242377	4	40	10	left	right	0	26	15.485	1679
3	16	1219.77411366102	4	40	10	left	left	1	19	15.249	1246
3	17	694.5569597658059	4	40	10	left	right	0	16	15.37	1041
3	18	644.9822965120155	4	40	10	right	right	1	27	15.228	1773
3	19	552.9722620870808	4	40	10	left	right	0	17	15.668	1085
3	20	427.8651670834105	4	40	10	left	right	0	17	16.008	1062
3	21	556.8698928676164	4	40	10	left	right	0	10	15.361	651
3	22	1580.1109785625654	4	40	10	right	left	0	7	16.509	424
3	23	615.0312589254146	4	40	10	right	left	0	7	15.909	440
3	24	982.1176974629828	4	40	10	left	right	0	7	16.471	425
3	25	1560.7035960319201	4	40	10	left	left	1	7	17.5	400
3	26	377.217191284905	4	40	10	left	left	1	16	15.549	1029
3	27	207.26604267641468	4	40	10	right	left	0	7	16.018	437
3	28	1711.9566783146147	4	40	10	left	right	0	7	16.317	429
3	29	1374.66217420688	4	40	10	left	left	1	7	16.949	413
3	30	1783.9166805865655	4	40	10	left	right	0	7	16.129	434
3	31	1702.0106971964321	4	40	10	right	right	1	8	16.227	493
3	32	640.3480851100984	4	40	10	right	right	1	14	16.018	874
3	33	269.1758486565376	4	40	10	left	right	0	15	15.641	959
3	34	952.7505038685314	4	40	10	right	left	0	12	16.107	745
3	35	841.2796714044388	4	40	10	left	left	1	15	15.228	985
3	36	1401.1285230175906	4	40	10	right	right	1	20	15.373	1301
3	37	232.22762003700333	4	40	10	right	left	0	31	15.492	2001
3	38	302.85938855303675	4	40	10	left	left	1	33	15.421	2140
3	39	228.94546238529682	4	40	10	right	right	1	27	15.306	1764
3	40	897.9469064284611	4	40	10	right	right	1	22	15.782	1394
4	1	530.4404484163713	4	40	10	left	left	1	54	15.211	3550
4	2	452.1249919216314	4	40	10	left	right	0	30	15.496	1936
4	3	634.8043654663197	4	40	10	right	right	1	283	15.187	18634
4	4	220.28823518208935	4	40	10	left	left	1	29	15.159	1913
4	5	394.84909769259787	4	40	10	right	right	1	25	15.694	1593
4	6	1635.7884019649953	4	40	10	left	left	1	50	15.423	3242
4	7	226.8556581584786	4	40	10	right	right	1	31	15.166	2044
4	8	342.4821707325605	4	40	10	right	right	1	52	15.353	3387
4	9	1218.0393378914994	4	40	10	right	right	1	134	15.153	8843
4	10	465.20203294623707	4	40	10	left	left	1	51	15.201	3355
4	11	1085.0401941340024	4	40	10	left	right	0	51	15.431	3305
4	12	711.681015118158	4	40	10	left	left	1	8	15.968	501
4	13	1445.0184614225593	4	40	10	right	left	0	7	15.801	443
4	14	202.3154877995783	4	40	10	right	left	0	24	15.228	1576
4	15	2667.1412285083784	4	40	10	right	right	1	25	15.319	1632
4	16	1608.4902403172186	4	40	10	left	right	0	28	15.521	1804
4	17	224.41689011478184	4	40	10	left	left	1	44	15.331	2870
4	18	256.9986807715688	4	40	10	right	right	1	37	15.527	2383
4	19	229.5568735440514	4	40	10	left	left	1	81	15.226	5320
4	20	216.34853010231984	4	40	10	left	right	0	164	15.18	10804
4	21	834.6083528700563	4	40	10	right	left	0	103	15.176	6787
4	22	1856.4240055862065	4	40	10	right	right	1	27	15.598	1731
4	23	452.4747752898353	4	40	10	left	right	0	19	15.286	1243
4	24	619.5062457716497	4	40	10	left	right	0	28	15.292	1831
4	25	2086.6287389376976	4	40	10	right	left	0	53	15.283	3468
4	26	288.8967478877189	4	40	10	left	right	0	43	15.178	2833
4	27	327.48279019950746	4	40	10	right	right	1	11	16.153	681
4	28	1162.6182955826803	4	40	10	left	right	0	8	15.595	513
4	29	1824.0687914227785	4	40	10	right	left	0	9	16.636	541
4	30	1220.829933287655	4	40	10	right	left	0	9	15.228	591
4	31	1199.6816252344652	4	40	10	right	right	1	7	15.184	461
4	32	300.6272263199886	4	40	10	left	left	1	40	15.192	2633
4	33	372.01397317038993	4	40	10	right	right	1	67	15.21	4405
4	34	444.55324744651773	4	40	10	left	left	1	34	15.158	2243
4	35	1402.8975438903635	4	40	10	left	left	1	25	15.576	1605
4	36	262.9392048846832	4	40	10	left	right	0	31	15.531	1996
4	37	2020.9040105825882	4	40	10	right	left	0	16	15.209	1052
4	38	752.3773194512434	4	40	10	right	right	1	44	15.278	2880
4	39	1030.3202824817831	4	40	10	left	right	0	34	15.226	2233
4	40	324.3868131933845	4	40	10	right	left	0	55	15.389	3574
